   10007348.743101334     
   10007406.026459513     
   10007617.929215249     
   10008110.402886769     
   10009012.467949171     
   10010444.075780382     
   10012509.988232665     
   10015297.367245147     
   10018875.576074017     
   10023297.234394245     
   10028599.915704718     
   10034808.104802797     
   10041935.184867047     
   10049985.321749339     
   10058955.177734623     
   10068835.425565748     
   10079612.054570556     
   10091267.468738617     
   10103781.381972007     
   10117131.532263784     
   10131294.256699445     
   10146244.966801552     
   10161958.543051321     
   10178409.654727552     
   10195573.011122396     
   10213423.553235672     
   10231936.596278332     
   10251087.932740115     
   10270853.904434010     
   10291211.450454667     
   10312138.136654744     
   10333612.171111668     
   10355612.409133108     
   10378118.350593027     
   10401110.131784054     
   10424568.513482165     
   10448474.866526753     
   10472811.155904440     
   10497559.924076024     
   10522704.274085239     
   10548227.852834433     
   10574114.834787430     
   10600349.906267356     
   10626918.250439523     
   10653805.533017544     
   10680997.888681956     
   10708481.908169592     
   10736244.625963395     
   10764273.508489754     
   10792556.442717494     
   10821081.725045566     
   10849838.050371908     
   10878814.501259511     
   10908000.537160132     
   10937385.983715337     
   10966961.022230195     
   10996716.179468907     
   11026642.317952944     
   11056730.626913365     
   11086972.613979470     
   11117360.097579632     
   11147885.199936677     
   11178540.340478774     
   11209318.229474137     
   11240211.861730373     
   11271214.510251518     
   11302319.719806312     
   11333521.300409108     
   11364813.320746234     
   11396190.101594899     
   11427646.209286982     
   11459176.449261436     
   11490775.859743588     
   11522439.705578770     
   11554163.472238343     
   11585942.860007808     
   11617773.778364142     
   11649652.340541970     
   11681574.858285835     
   11713537.836784462     
   11745537.969781326     
   11777572.134853560     
   11809637.388853952     
   11841730.963504571     
   11873850.261137750     
   11905992.850573219     
   11938156.463125117     
   11970338.988729902     
   12002538.472187139     
   12034753.109504750     
   12066981.244341992     
   12099221.364541069     
   12131472.098740881     
   12163732.213065142     
   12196000.607878199     
   12228276.314600961     
   12260558.492581494     
   12292846.426013632     
   12325139.520897413     
   12357437.302037003     
   12389739.410068803     
   12422045.598518096     
   12454355.730876043     
   12486669.777696785     
   12518987.813707558     
   12551310.014931556     
   12583636.655817788     
   12615968.106377602     
   12648304.829324197     
   12680647.377214478     
   12712996.389590008     
   12745352.590117665     
   12777716.783728544     
   12810089.853753904     
   12842472.759057941     
   12874866.531169191     
   12907272.271408318     
   12939691.148014227     
   12972124.393269837     
   13004573.300626678     
   13037039.221831463     
   13069523.564055825     
   13102027.787028518     
   13134553.400175257     
   13167101.959766138     
   13199675.066073198     
   13232274.360539526     
   13264901.522964282     
   13297558.268703777     
   13330246.345892280     
   13362967.532685325     
   13395723.634526724     
   13428516.481443992     
   13461347.925372757     
   13494219.837514721     
   13527134.105729792     
   13560092.631967360     
   13593097.329737432     
   13626150.121625306     
   13659252.936851257     
   13692407.708879547     
   13725616.373077234     
   13758880.864426235     
   13792203.115290541     
   13825585.053240841     
   13859028.598938653     
   13892535.664081937     
   13926108.149413759     
   13959747.942796301     
   13993456.917351322     
