   10020797.663640652     
   10119615.413273562     
   10270418.696410436     
   10444490.164585961     
   10628486.363753691     
   10816715.230333146     
   11006775.122431831     
   11197654.364658650     
   11388926.969812129     
   11580413.590086736     
   11772038.706700195     
   11963770.503432740     
   12155595.561586300     
   12347508.214269741     
   12539506.070231561     
   12731588.133755149     
   12923754.016939558     
   13116003.611701190     
   13308336.955039211     
   13500754.174698867     
   13693255.466466574     
   13885841.080869526     
   14078511.308317119     
   14271266.457963653     
   14464106.830723224     
   14657032.691837879     
   14850044.250662746     
   15043141.653305981     
   15236324.988324486     
   15429594.300899422     
   15622949.609403487     
   15816390.919916103     
   16009918.236733418     
   16203531.568853904     
   16397230.933327891     
   16591016.356509324     
   16784887.874073830     
   16978845.530385219     
   17180606.713820208     
   17437280.881307062     
   17741502.767809562     
   18067677.202932633     
   18402129.969178323     
   18738590.709475454     
   19074285.753677513     
   19408042.287371501     
   19739415.585137621     
   20068288.708532881     
   20394688.705983248     
   20718702.323994666     
   21040437.617962491     
   21360006.775523514     
   21677518.734335944     
   21993076.295913901     
   22306775.273059208     
   22618704.527712516     
   22928946.371482011     
   23237577.088470571     
   23544667.474024180     
   23850283.345129460     
   24154486.006642129     
   24457332.670158222     
   24758876.827662196     
   25059168.584075823     
   25358254.953260094     
   25656180.121850558     
   25952985.684917919     
   26248710.856932350     
   26543392.661092740     
   26837066.099633247     
   27129764.307406265     
   27421518.690682121     
   27712359.052886877     
   28002313.708737034     
   28291409.588061340     
   28579672.330428805     
   28867126.371565316     
   29153795.022398751     
   29439700.541504089     
   29724864.201607887     
   30009306.350722153     
   30293046.468455069     
   30576103.217919711     
   30858494.493696369     
   31140237.466167811     
   31421348.622581232     
   31701843.805120438     
   31981738.246249508     
   32261046.601558771     
   32539782.980337854     
   32817960.974062264     
   33095593.682953861     
   33372693.740794871     
   33649273.338134013     
   33925344.243996188     
   34200917.826242477     
   34476005.070662767     
   34750616.598917544     
   35024762.685403831     
   35298453.273134373     
   35571697.988692634     
   35844506.156343542     
   36116886.811343037     
   36388848.712510101     
   36660400.354111560     
   36931549.977095105     
   37202305.579722330     
   37472674.927635193     
   37742665.563390307     
   38012284.815491796     
   38281539.806965306     
   38550437.463482723     
   38818984.521081984     
   39087187.533492863     
   39355052.879108287     
   39622586.767602563     
   39889795.246231280     
   40156684.205833010     
   40423259.386539117     
   40689526.383220874     
   40955490.650680788     
   41221157.508601502     
   41486532.146281280     
   41751619.627141349     
   42016424.893048279     
   42280952.768422276     
   42545207.964198053     
   42809195.081634849     
   43072918.616425201     
   43336382.960419804     
   43599592.406831443     
   43862551.152798936     
   44125263.302356333     
   44387732.869382411     
   44649963.780418389     
   44911959.877372995     
   45173724.920120947     
   45435262.588992953     
   45696576.487180904     
   45957670.143042780     
   46218547.012322687     
   46479210.480290681     
   46739663.863797531     
   46999910.413256884     
   47259953.314557932     
   47519795.690907344     
   47779440.604603209     
   48038891.058746710     
   48298149.998898186     
   48557220.314668700     
