           1           1   10035526.543734597     
           1           2   10069447.515855933     
           1           3   10101015.855103118     
           1           4   10130551.779915784     
           1           5   10158325.506862776     
           1           6   10184561.637052765     
           1           7   10209447.965317395     
           1           8   10233142.301930794     
           1           9   10255777.975619197     
           1          10   10277468.232985478     
           1          11   10298309.774994222     
           1          12   10318385.608794274     
           1          13   10337767.356421392     
           1          14   10356517.131229151     
           1          15   10374689.069138067     
           1          16   10392330.583270727     
           1          17   10409483.394806286     
           1          18   10426184.385863023     
           1          19   10442466.312914900     
           1          20   10458358.388717208     
           1          21   10473886.775878835     
           1          22   10489074.999782968     
           1          23   10503944.297060633     
           1          24   10518513.910121124     
           2           1   10532801.337188940     
           2           2   10546822.545327507     
           2           3   10560592.152597338     
           2           4   10574123.584379470     
           2           5   10587429.208013769     
           2           6   10600520.449166352     
           2           7   10613407.892775733     
           2           8   10626101.370931746     
           2           9   10638610.039675888     
           2          10   10650942.446363615     
           2          11   10663106.588987134     
           2          12   10675109.968605787     
           2          13   10686959.635843188     
           2          14   10698662.232221680     
           2          15   10710224.026950704     
           2          16   10721650.949636100     
           2          17   10732948.619249981     
           2          18   10744122.369616369     
           2          19   10755177.271610089     
           2          20   10766118.152274420     
           2          21   10776949.611098941     
           2          22   10787676.033802791     
           2          23   10798301.604034750     
           2          24   10808830.313487859     
           3           1   10819265.970923135     
           3           2   10829612.210550068     
           3           3   10839872.500108350     
           3           4   10850050.148857553     
           3           5   10860148.315564098     
           3           6   10870170.016456269     
           3           7   10880118.133124433     
           3           8   10889995.419994395     
           3           9   10899804.511889344     
           3          10   10909547.930877469     
           3          11   10919228.092824258     
           3          12   10928847.313475901     
           3          13   10938407.814093877     
           3          14   10947911.726652034     
           3          15   10957361.098620528     
           3          16   10966757.897368988     
           3          17   10976104.014216458     
           3          18   10985401.268168803     
           3          19   10994651.409365650     
           3          20   11003856.122275354     
           3          21   11013017.028657239     
           3          22   11022135.690322855     
           3          23   11031213.611709265     
           3          24   11040252.242295053     
           4           1   11049252.978859855     
           4           2   11058217.167622048     
           4           3   11067146.106249468     
           4           4   11076041.045762472     
           4           5   11084903.192340752     
           4           6   11093733.709039425     
           4           7   11102533.717421889     
           4           8   11111304.299113380     
           4           9   11120046.497289831     
           4          10   11128761.318097336     
           4          11   11137449.732010402     
           4          12   11146112.675135251     
           4          13   11154751.050456854     
           4          14   11163365.729037173     
           4          15   11171957.551122483     
           4          16   11180527.327216644     
           4          17   11189075.839317324     
           4          18   11197603.841882769     
           4          19   11206112.062790750     
           4          20   11214601.204265660     
           4          21   11223071.943784920     
           4          22   11231524.934953298     
           4          23   11239960.808345165     
           4          24   11248380.172320748     
           5           1   11256783.613812443     
           5           2   11265171.699079659     
           5           3   11273544.974442329     
           5           4   11281903.966982650     
           5           5   11290249.185224872     
           5           6   11298581.119790314     
           5           7   11306900.244025871     
           5           8   11315207.014616819     
           5           9   11323501.872169489     
           5          10   11331785.241779825     
           5          11   11340057.533576487     
           5          12   11348319.143251592     
           5          13   11356570.452564294     
           5          14   11364811.829834327     
           5          15   11373043.630412230     
           5          16   11381266.197136527     
           5          17   11389479.860773087     
           5          18   11397684.940440759     
           5          19   11405881.744019493     
           5          20   11414070.568546059     
           5          21   11422251.700596333     
           5          22   11430425.416651357     
           5          23   11438591.983454160     
           5          24   11446751.658349596     
           6           1   11454904.689619480     
           6           2   11463051.316796109     
           6           3   11471191.770972135     
           6           4   11479326.275099678     
           6           5   11487455.044272300     
           6           6   11495578.286006656     
           6           7   11503696.200503850     
           6           8   11511808.980910299     
           6           9   11519916.813564297     
           6          10   11528019.878237104     
           6          11   11536118.348363135     
           6          12   11544212.391262241     
           6          13   11552302.168356106     
           6          14   11560387.835376812     
           6          15   11568469.542564189     
           6          16   11576547.434861464     
           6          17   11584621.652101099     
           6          18   11592692.329185560     
           6          19   11600759.596259400     
           6          20   11608823.578877660     
           6          21   11616884.398167640     
           6          22   11624942.170984756     
           6          23   11632997.010062706     
           6          24   11641049.024158297     
           7           1   11649098.318194423     
           7           2   11657144.993390478     
           7           3   11665189.147395654     
           7           4   11673230.874415627     
           7           5   11681270.265331084     
           7           6   11689307.407817308     
           7           7   11697342.386455614     
           7           8   11705375.282843584     
           7           9   11713406.175699525     
           7          10   11721435.140963839     
           7          11   11729462.251897121     
           7          12   11737487.579175448     
           7          13   11745511.190979550     
           7          14   11753533.153085057     
           7          15   11761553.528946001     
           7          16   11769572.379768517     
           7          17   11777589.764615064     
           7          18   11785605.740457743     
           7          19   11793620.362252535     
           7          20   11801633.683009250     
           7          21   11809645.753888382     
           7          22   11817656.624227813     
           7          23   11825666.341627251     
           7          24   11833674.952004451     
           8           1   11841682.499657029     
           8           2   11849689.027318995     
           8           3   11857694.576214744     
           8           4   11865699.186114093     
           8           5   11873702.895381328     
           8           6   11881705.741027869     
           8           7   11889707.758756576     
           8           8   11897708.983600967     
           8           9   11905709.447331702     
           8          10   11913709.183037888     
           8          11   11921708.221477356     
           8          12   11929706.592495982     
           8          13   11937704.324861428     
           8          14   11945701.446329489     
           8          15   11953697.983675778     
           8          16   11961693.962731300     
           8          17   11969689.408414111     
           8          18   11977684.344763102     
           8          19   11985678.794967886     
           8          20   11993672.781398848     
           8          21   12001666.325636799     
           8          22   12009659.448498946     
           8          23   12017652.170068851     
           8          24   12025644.509719029     
           9           1   12033636.486138722     
           9           2   12041628.117355864     
           9           3   12049619.420761792     
           9           4   12057610.413133411     
           9           5   12065601.110655138     
           9           6   12073591.528937658     
           9           7   12081581.683042910     
           9           8   12089571.587497467     
           9           9   12097561.256316604     
           9          10   12105550.703018695     
           9          11   12113539.940645771     
           9          12   12121528.981778160     
           9          13   12129517.838550923     
           9          14   12137506.522671109     
           9          15   12145495.045430748     
           9          16   12153483.417723821     
           9          17   12161471.650058035     
           9          18   12169459.752570847     
           9          19   12177447.735039975     
           9          20   12185435.606898732     
           9          21   12193423.377244843     
           9          22   12201411.054856360     
           9          23   12209398.648199556     
           9          24   12217386.165441614     
          10           1   12225373.614461275     
          10           2   12233361.002858514     
          10           3   12241348.337963281     
          10           4   12249335.626848323     
          10           5   12257322.876334125     
          10           6   12265310.093000611     
          10           7   12273297.283194903     
          10           8   12281284.453040725     
          10           9   12289271.608442627     
          10          10   12297258.755098620     
          10          11   12305245.898503318     
          10          12   12313233.043957883     
          10          13   12321220.196574952     
          10          14   12329207.361287642     
          10          15   12337194.542852817     
          10          16   12345181.745859588     
          10          17   12353168.974734977     
          10          18   12361156.233749317     
          10          19   12369143.527019674     
          10          20   12377130.858520914     
          10          21   12385118.232083648     
          10          22   12393105.651405314     
          10          23   12401093.120050563     
          10          24   12409080.641459864     
          11           1   12417068.218949281     
          11           2   12425055.855718950     
          11           3   12433043.554855281     
          11           4   12441031.319335964     
          11           5   12449019.152031476     
          11           6   12457007.055711901     
          11           7   12464995.033048816     
          11           8   12472983.086619882     
          11           9   12480971.218909010     
          11          10   12488959.432314301     
          11          11   12496947.729148459     
          11          12   12504936.111641644     
          11          13   12512924.581944643     
          11          14   12520913.142132508     
          11          15   12528901.794206806     
          11          16   12536890.540097140     
          11          17   12544879.381665977     
          11          18   12552868.320708673     
          11          19   12560857.358957393     
          11          20   12568846.498082271     
          11          21   12576835.739693906     
          11          22   12584825.085347755     
          11          23   12592814.536541179     
          11          24   12600804.094720576     
          12           1   12608793.761279071     
          12           2   12616783.537561988     
          12           3   12624773.424866296     
          12           4   12632763.424442023     
          12           5   12640753.537495540     
          12           6   12648743.765190769     
          12           7   12656734.108649554     
          12           8   12664724.568953425     
          12           9   12672715.147146480     
          12          10   12680705.844235074     
          12          11   12688696.661189886     
          12          12   12696687.598947002     
          12          13   12704678.658409087     
          12          14   12712669.840446416     
          12          15   12720661.145898920     
          12          16   12728652.575576911     
          12          17   12736644.130260659     
          12          18   12744635.810703054     
          12          19   12752627.617630148     
          12          20   12760619.551743021     
          12          21   12768611.613716172     
          12          22   12776603.804201556     
          12          23   12784596.123826491     
          12          24   12792588.573196439     
          13           1   12800581.152896531     
          13           2   12808573.863489365     
          13           3   12816566.705517171     
          13           4   12824559.679504028     
          13           5   12832552.785955885     
          13           6   12840546.025357846     
          13           7   12848539.398180464     
          13           8   12856532.904876607     
          13           9   12864526.545881588     
          13          10   12872520.321617763     
          13          11   12880514.232489927     
          13          12   12888508.278889704     
          13          13   12896502.461194545     
          13          14   12904496.779767923     
          13          15   12912491.234960545     
          13          16   12920485.827110976     
          13          17   12928480.556544239     
          13          18   12936475.423576228     
          13          19   12944470.428508813     
          13          20   12952465.571634276     
          13          21   12960460.853234891     
          13          22   12968456.273582185     
          13          23   12976451.832937844     
          13          24   12984447.531554319     
          14           1   12992443.369674850     
          14           2   13000439.347534707     
          14           3   13008435.465358622     
          14           4   13016431.723366253     
          14           5   13024428.121766673     
          14           6   13032424.660763834     
          14           7   13040421.340551835     
          14           8   13048418.161319587     
          14           9   13056415.123248760     
          14          10   13064412.226514278     
          14          11   13072409.471284855     
          14          12   13080406.857722741     
          14          13   13088404.385985125     
          14          14   13096402.056222934     
          14          15   13104399.868582318     
          14          16   13112397.823203210     
          14          17   13120395.920221169     
          14          18   13128394.159766648     
          14          19   13136392.541965527     
          14          20   13144391.066938514     
          14          21   13152389.734803626     
          14          22   13160388.545672534     
          14          23   13168387.499654092     
          14          24   13176386.596853150     
          15           1   13184385.837370414     
          15           2   13192385.221303772     
          15           3   13200384.748745572     
          15           4   13208384.419787662     
          15           5   13216384.234517004     
          15           6   13224384.193016969     
          15           7   13232384.295368563     
          15           8   13240384.541650629     
          15           9   13248384.931937715     
          15          10   13256385.466302462     
          15          11   13264386.144814789     
          15          12   13272386.967542760     
          15          13   13280387.934550988     
          15          14   13288389.045901824     
          15          15   13296390.301656289     
          15          16   13304391.701872321     
          15          17   13312393.246606266     
          15          18   13320394.935912311     
          15          19   13328396.769842824     
          15          20   13336398.748448230     
          15          21   13344400.871776909     
          15          22   13352403.139876135     
          15          23   13360405.552791409     
          15          24   13368408.110565856     
          16           1   13376410.813241746     
          16           2   13384413.660859816     
          16           3   13392416.653459571     
          16           4   13400419.791078452     
          16           5   13408423.073753301     
          16           6   13416426.501519525     
          16           7   13424430.074411092     
          16           8   13432433.792460656     
          16           9   13440437.655700261     
          16          10   13448441.664161218     
          16          11   13456445.817872137     
          16          12   13464450.116862517     
          16          13   13472454.561160218     
          16          14   13480459.150791012     
          16          15   13488463.885781825     
          16          16   13496468.766157476     
          16          17   13504473.791942080     
          16          18   13512478.963159269     
          16          19   13520484.279831745     
          16          20   13528489.741981613     
          16          21   13536495.349630255     
          16          22   13544501.102797976     
          16          23   13552507.001505183     
          16          24   13560513.045771385     
          17           1   13568519.235615086     
          17           2   13576525.571055325     
          17           3   13584532.052109318     
          17           4   13592538.678794211     
          17           5   13600545.451127170     
          17           6   13608552.369123928     
          17           7   13616559.432801552     
          17           8   13624566.642174270     
          17           9   13632573.997258019     
          17          10   13640581.498067107     
          17          11   13648589.144615585     
          17          12   13656596.936917588     
          17          13   13664604.874987222     
          17          14   13672612.958837084     
          17          15   13680621.188480800     
          17          16   13688629.563931001     
          17          17   13696638.085199432     
          17          18   13704646.752299074     
          17          19   13712655.565241685     
          17          20   13720664.524039363     
          17          21   13728673.628703123     
          17          22   13736682.879244344     
          17          23   13744692.275674634     
          17          24   13752701.818004677     
          18           1   13760711.506244669     
          18           2   13768721.340405863     
          18           3   13776731.320499592     
          18           4   13784741.446534060     
          18           5   13792751.718521845     
          18           6   13800762.136471646     
          18           7   13808772.700393505     
          18           8   13816783.410298219     
          18           9   13824794.266194331     
          18          10   13832805.268092969     
          18          11   13840816.416002322     
          18          12   13848827.709933516     
          18          13   13856839.149895381     
          18          14   13864850.735897249     
          18          15   13872862.467948724     
          18          16   13880874.346059674     
          18          17   13888886.370238671     
          18          18   13896898.540495867     
          18          19   13904910.856840577     
          18          20   13912923.319281448     
          18          21   13920935.927828228     
          18          22   13928948.682490345     
          18          23   13936961.583277047     
          18          24   13944974.630198013     
          19           1   13952987.823262494     
          19           2   13961001.162479041     
          19           3   13969014.647858566     
          19           4   13977028.279409530     
          19           5   13985042.057141863     
          19           6   13993055.981065102     
          19           7   14001070.051188232     
          19           8   14009084.267521750     
          19           9   14017098.630074581     
          19          10   14025113.138857167     
          19          11   14033127.793879068     
          19          12   14041142.595150648     
          19          13   14049157.542680327     
          19          14   14057172.636480231     
          19          15   14065187.876558846     
          19          16   14073203.262926850     
          19          17   14081218.795594944     
          19          18   14089234.474572759     
          19          19   14097250.299870580     
          19          20   14105266.271500135     
          19          21   14113282.389471212     
          19          22   14121298.653794194     
          19          23   14129315.064480290     
          19          24   14137331.621540535     
          20           1   14145348.324985573     
          20           2   14153365.174826683     
          20           3   14161382.171075759     
          20           4   14169399.313742472     
          20           5   14177416.602839733     
          20           6   14185434.038378591     
          20           7   14193451.620370969     
          20           8   14201469.348828230     
          20           9   14209487.223762399     
          20          10   14217505.245185820     
          20          11   14225523.413110144     
