   10014501.519220944     
   10031993.492334928     
   10058000.270433901     
   10090675.940123476     
   10128582.202180224     
   10170619.934730822     
   10215886.370327834     
   10263612.005880091     
   10313207.614355532     
   10364197.726432033     
   10416197.778299456     
   10468896.194542652     
   10522040.208755910     
   10575424.571296249     
   10628882.512363093     
   10682278.482788797     
   10735502.306408232     
   10788464.459973982     
   10841092.257981641     
   10893326.766367737     
   10945120.304943170     
   10996434.426551161     
   11047238.283551132     
   11097507.311583646     
   11147222.180644365     
   11196367.993874967     
   11244933.728176059     
   11292911.552196730     
   11340295.797705965     
   11387082.717379771     
   11433270.459781840     
   11478858.853492638     
   11523849.192761777     
   11568244.058176817     
   11612047.166983165     
   11655263.247113638     
   11697897.930053866     
   11739957.658622539     
   11781449.606548758     
   11822381.607383560     
   11862762.090822488     
   11902600.024948653     
   11941904.863187205     
   11980686.495194381     
   12018955.200971462     
   12056721.607693028     
   12093996.648910299     
   12130791.525871726     
   12167117.670780789     
   12202986.711864825     
