           1           1   10000837.910720304     
           1           2   10001239.592195483     
           1           3   10002305.432036441     
           1           4   10003908.412437281     
           1           5   10006065.413213398     
           1           6   10008755.619138038     
           1           7   10011952.114385633     
           1           8   10015622.157670209     
           1           9   10019730.414273120     
           1          10   10024240.783051468     
           1          11   10029117.690825945     
           1          12   10034326.932800721     
           1          13   10039836.195030687     
           1          14   10045615.348666459     
           1          15   10051636.583666593     
           1          16   10057874.431545896     
           1          17   10064305.546413416     
           1          18   10070908.912614794     
           1          19   10077666.361442871     
           1          20   10084560.259481434     
           1          21   10091575.376080845     
           1          22   10098698.044394137     
           1          23   10105916.108714782     
           1          24   10113218.723916041     
           2           1   10120596.234461974     
           2           2   10128040.052918443     
           2           3   10135542.549288798     
           2           4   10143096.949751122     
           2           5   10150697.244736981     
           2           6   10158338.105897747     
           2           7   10166014.811414316     
           2           8   10173723.179064246     
           2           9   10181459.506434986     
           2          10   10189220.517674390     
           2          11   10197003.316191429     
           2          12   10204805.342730170     
           2          13   10212624.338278089     
           2          14   10220458.311252400     
           2          15   10228305.508454610     
           2          16   10236164.389251595     
           2          17   10244033.602489600     
           2          18   10251911.965640981     
           2          19   10259798.445768295     
           2          20   10267692.141950831     
           2          21   10275592.268949239     
           2          22   10283498.142020199     
           2          23   10291409.162899727     
           2          24   10299324.807080038     
           3           1   10307244.612517761     
           3           2   10315168.169878745     
           3           3   10323095.114359390     
           3           4   10331025.119003315     
           3           5   10338957.889372826     
           3           6   10346893.159349611     
           3           7   10354830.687884897     
           3           8   10362770.256225262     
           3           9   10370711.666015519     
           3          10   10378654.737399042     
           3          11   10386599.307513153     
           3          12   10394545.229110293     
           3          13   10402492.369305527     
           3          14   10410440.608405907     
           3          15   10418389.838814164     
           3          16   10426339.963994207     
           3          17   10434290.897495594     
           3          18   10442242.562040845     
           3          19   10450194.888670024     
           3          20   10458147.815941818     
           3          21   10466101.289197067     
           3          22   10474055.259877916     
           3          23   10482009.684902480     
           3          24   10489964.526093852     
           4           1   10497919.749662090     
           4           2   10505875.325730609     
           4           3   10513831.227910832     
           4           4   10521787.432917625     
           4           5   10529743.920224749     
           4           6   10537700.671754053     
           4           7   10545657.671598429     
           4           8   10553614.905771861     
           4           9   10561572.361994140     
           4          10   10569530.029487282     
           4          11   10577487.898805184     
           4          12   10585445.961675989     
           4          13   10593404.210863506     
           4          14   10601362.640048033     
           4          15   10609321.238391088     
           4          16   10617279.994937802     
           4          17   10625238.924690062     
           4          18   10633198.022475319     
           4          19   10641157.282486407     
           4          20   10649116.700523097     
           4          21   10657076.273279129     
           4          22   10665035.998150384     
           4          23   10672995.873055050     
           4          24   10680955.896313908     
           5           1   10688916.066564701     
           5           2   10696876.382693818     
           5           3   10704836.843795491     
           5           4   10712797.449127752     
           5           5   10720758.198092671     
           5           6   10728719.090205979     
           5           7   10736680.125084760     
           5           8   10744641.302430928     
           5           9   10752602.622018764     
           5          10   10760564.083683677     
           5          11   10768525.687315311     
           5          12   10776487.432848608     
           5          13   10784449.320258802     
           5          14   10792411.349552562     
           5          15   10800373.520765310     
           5          16   10808335.833959242     
           5          17   10816298.289212598     
           5          18   10824260.886622999     
           5          19   10832223.626303015     
           5          20   10840186.508375350     
           5          21   10848149.532970937     
           5          22   10856112.700230516     
           5          23   10864076.010298926     
           5          24   10872039.463326106     
           6           1   10880003.059463697     
           6           2   10887966.798867250     
           6           3   10895930.681691332     
           6           4   10903894.708091903     
           6           5   10911858.878222559     
           6           6   10919823.192238934     
           6           7   10927787.650290865     
           6           8   10935752.252529809     
           6           9   10943716.999101881     
           6          10   10951681.890152408     
           6          11   10959646.925822187     
           6          12   10967612.106250102     
           6          13   10975577.431570826     
           6          14   10983542.901915479     
           6          15   10991508.517411834     
           6          16   10999474.278184691     
           6          17   11007440.184353806     
           6          18   11015406.236035794     
           6          19   11023372.433343694     
           6          20   11031338.776387304     
           6          21   11039305.265271276     
           6          22   11047271.900097841     
           6          23   11055238.680965409     
           6          24   11063205.607968777     
           7           1   11071172.681198204     
           7           2   11079139.900742639     
           7           3   11087107.266685108     
           7           4   11095074.779107882     
           7           5   11103042.438088164     
           7           6   11111010.243700232     
           7           7   11118978.196016656     
           7           8   11126946.295104561     
           7           9   11134914.541031381     
           7          10   11142882.933857830     
           7          11   11150851.473645287     
           7          12   11158820.160450997     
           7          13   11166788.994329544     
           7          14   11174757.975333052     
           7          15   11182727.103511281     
           7          16   11190696.378904356     
           7          17   11198665.801566830     
           7          18   11206635.371542728     
           7          19   11214605.088870522     
           7          20   11222574.953579539     
           7          21   11230544.965722810     
           7          22   11238515.125328282     
           7          23   11246485.432429478     
           7          24   11254455.887056781     
           8           1   11262426.489238275     
           8           2   11270397.239001885     
           8           3   11278368.136372698     
           8           4   11286339.181375250     
           8           5   11294310.374032026     
           8           6   11302281.714364318     
           8           7   11310253.202392677     
           8           8   11318224.838734485     
           8           9   11326196.621824270     
           8          10   11334168.552973375     
           8          11   11342140.631865226     
           8          12   11350112.858566293     
           8          13   11358085.233071892     
           8          14   11366057.755391229     
           8          15   11374030.425529867     
           8          16   11382003.243495263     
           8          17   11389976.209293405     
           8          18   11397949.322931262     
           8          19   11405922.584413512     
           8          20   11413895.993744796     
           8          21   11421869.550931387     
           8          22   11429843.255975833     
           8          23   11437817.108881084     
           8          24   11445791.109649641     
           9           1   11453765.258284379     
           9           2   11461739.554785114     
           9           3   11469713.999153232     
           9           4   11477688.591388552     
           9           5   11485663.331490353     
           9           6   11493638.219458278     
           9           7   11501613.255290017     
           9           8   11509588.438983854     
           9           9   11517563.770536644     
           9          10   11525539.249945430     
           9          11   11533514.877206955     
           9          12   11541490.652317658     
           9          13   11549466.575271863     
           9          14   11557442.646065731     
           9          15   11565418.864694189     
           9          16   11573395.231150929     
           9          17   11581371.745431494     
           9          18   11589348.407528354     
           9          19   11597325.217435425     
           9          20   11605302.175146921     
           9          21   11613279.280653792     
           9          22   11621256.533950962     
           9          23   11629233.935028855     
           9          24   11637211.483880695     
          10           1   11645189.180498850     
          10           2   11653167.024874575     
          10           3   11661145.016998971     
          10           4   11669123.156864362     
          10           5   11677101.444461085     
          10           6   11685079.879780360     
          10           7   11693058.462813094     
          10           8   11701037.193550322     
          10           9   11709016.071982583     
          10          10   11716995.098099303     
          10          11   11724974.271892060     
          10          12   11732953.593349965     
          10          13   11740933.062463898     
          10          14   11748912.679223605     
          10          15   11756892.443618873     
          10          16   11764872.355639206     
          10          17   11772852.415275475     
          10          18   11780832.622515490     
          10          19   11788812.977350442     
          10          20   11796793.479768736     
          10          21   11804774.129760934     
          10          22   11812754.927315744     
          10          23   11820735.872421961     
          10          24   11828716.965069890     
          11           1   11836698.205248900     
          11           2   11844679.592947470     
          11           3   11852661.128155597     
          11           4   11860642.810862152     
          11           5   11868624.641056074     
          11           6   11876606.618726853     
          11           7   11884588.743863920     
          11           8   11892571.016455710     
          11           9   11900553.436493089     
          11          10   11908536.003963072     
          11          11   11916518.718856394     
          11          12   11924501.581161570     
          11          13   11932484.590867760     
          11          14   11940467.747964742     
          11          15   11948451.052441122     
          11          16   11956434.504286580     
          11          17   11964418.103490831     
          11          18   11972401.850042794     
          11          19   11980385.743931962     
          11          20   11988369.785147101     
          11          21   11996353.973678637     
          11          22   12004338.309515428     
          11          23   12012322.792647574     
          11          24   12020307.423063900     
          12           1   12028292.200754838     
          12           2   12036277.125708653     
          12           3   12044262.197916526     
          12           4   12052247.417367633     
          12           5   12060232.784051249     
          12           6   12068218.297958165     
          12           7   12076203.959077900     
          12           8   12084189.767400328     
          12           9   12092175.722915975     
          12          10   12100161.825613448     
          12          11   12108148.075484481     
          12          12   12116134.472518485     
          12          13   12124121.016705884     
          12          14   12132107.708037447     
          12          15   12140094.546502611     
          12          16   12148081.532092663     
          12          17   12156068.664798521     
          12          18   12164055.944609758     
          12          19   12172043.371517034     
          12          20   12180030.945511667     
          12          21   12188018.666584512     
          12          22   12196006.534726139     
          12          23   12203994.549927486     
          12          24   12211982.712180618     
          13           1   12219971.021474743     
          13           2   12227959.477802917     
          13           3   12235948.081154702     
          13           4   12243936.831522780     
          13           5   12251925.728897700     
          13           6   12259914.773271861     
          13           7   12267903.964636229     
          13           8   12275893.302982423     
          13           9   12283882.788302755     
          13          10   12291872.420587972     
          13          11   12299862.199831720     
          13          12   12307852.126023958     
          13          13   12315842.199158220     
          13          14   12323832.419225676     
          13          15   12331822.786220234     
          13          16   12339813.300132601     
          13          17   12347803.960955691     
          13          18   12355794.768682191     
          13          19   12363785.723303899     
          13          20   12371776.824815027     
          13          21   12379768.073207928     
          13          22   12387759.468474569     
          13          23   12395751.010608276     
          13          24   12403742.699602425     
          14           1   12411734.535450356     
          14           2   12419726.518144697     
          14           3   12427718.647678908     
          14           4   12435710.924046811     
          14           5   12443703.347241683     
          14           6   12451695.917257948     
          14           7   12459688.634087756     
          14           8   12467681.497726033     
          14           9   12475674.508166293     
          14          10   12483667.665403249     
          14          11   12491660.969429737     
          14          12   12499654.420240996     
          14          13   12507648.017830893     
          14          14   12515641.762194259     
          14          15   12523635.653325275     
          14          16   12531629.691218819     
          14          17   12539623.875868563     
          14          18   12547618.207271067     
          14          19   12555612.685419509     
          14          20   12563607.310310293     
          14          21   12571602.081937315     
          14          22   12579597.000296794     
          14          23   12587592.065383762     
          14          24   12595587.277193237     
          15           1   12603582.635721218     
          15           2   12611578.140962994     
          15           3   12619573.792914912     
          15           4   12627569.591572387     
          15           5   12635565.536930945     
          15           6   12643561.628987841     
          15           7   12651557.867738260     
          15           8   12659554.253178993     
          15           9   12667550.785305917     
          15          10   12675547.464116285     
          15          11   12683544.289606433     
          15          12   12691541.261772489     
          15          13   12699538.380612008     
          15          14   12707535.646121699     
          15          15   12715533.058298532     
          15          16   12723530.617140163     
          15          17   12731528.322643531     
          15          18   12739526.174805878     
          15          19   12747524.173624774     
          15          20   12755522.319098135     
          15          21   12763520.611223580     
          15          22   12771519.049999150     
          15          23   12779517.635422766     
          15          24   12787516.367492033     
          16           1   12795515.246206390     
          16           2   12803514.271562995     
          16           3   12811513.443560850     
          16           4   12819512.762198510     
          16           5   12827512.227475191     
          16           6   12835511.839388385     
          16           7   12843511.597938137     
          16           8   12851511.503123306     
          16           9   12859511.554943629     
          16          10   12867511.753397353     
          16          11   12875512.098485282     
          16          12   12883512.590205375     
          16          13   12891513.228558931     
          16          14   12899514.013544608     
          16          15   12907514.945163528     
          16          16   12915516.023414457     
          16          17   12923517.248299025     
          16          18   12931518.619816324     
          16          19   12939520.137967892     
          16          20   12947521.802753961     
          16          21   12955523.614174625     
          16          22   12963525.572231961     
          16          23   12971527.676926285     
          16          24   12979529.928258879     
          17           1   12987532.326231936     
          17           2   12995534.870845161     
          17           3   13003537.562101455     
          17           4   13011540.400001714     
          17           5   13019543.384548748     
          17           6   13027546.515743913     
          17           7   13035549.793589164     
          17           8   13043553.218087485     
          17           9   13051556.789240841     
          17          10   13059560.507051963     
          17          11   13067564.371522810     
          17          12   13075568.382657113     
          17          13   13083572.540458022     
          17          14   13091576.844928088     
          17          15   13099581.296070013     
          17          16   13107585.893889297     
          17          17   13115590.638387024     
          17          18   13123595.529569035     
          17          19   13131600.567437351     
          17          20   13139605.751997305     
          17          21   13147611.083252968     
          17          22   13155616.561208148     
          17          23   13163622.185867729     
          17          24   13171627.957235793     
          18           1   13179633.875317693     
          18           2   13187639.940118203     
          18           3   13195646.151642237     
          18           4   13203652.509895617     
          18           5   13211659.014882579     
          18           6   13219665.666610058     
          18           7   13227672.465083212     
          18           8   13235679.410307463     
          18           9   13243686.502289716     
          18          10   13251693.741035150     
          18          11   13259701.126550762     
          18          12   13267708.658842608     
          18          13   13275716.337918179     
          18          14   13283724.163783818     
          18          15   13291732.136446046     
          18          16   13299740.255913086     
          18          17   13307748.522191254     
          18          18   13315756.935288684     
          18          19   13323765.495212728     
          18          20   13331774.201971944     
          18          21   13339783.055572448     
          18          22   13347792.056024734     
          18          23   13355801.203335306     
          18          24   13363810.497513212     
          19           1   13371819.938567020     
          19           2   13379829.526506580     
          19           3   13387839.261339912     
          19           4   13395849.143075865     
          19           5   13403859.171723969     
          19           6   13411869.347294470     
          19           7   13419879.669796210     
          19           8   13427890.139239764     
          19           9   13435900.755634831     
          19          10   13443911.518991331     
          19          11   13451922.429319516     
          19          12   13459933.486630209     
          19          13   13467944.690934435     
          19          14   13475956.042242292     
          19          15   13483967.540565422     
          19          16   13491979.185914913     
          19          17   13499990.978301855     
          19          18   13508002.917737661     
          19          19   13516015.004234845     
          19          20   13524027.237804651     
          19          21   13532039.618459534     
          19          22   13540052.146211609     
          19          23   13548064.821073173     
          19          24   13556077.643057121     
          20           1   13564090.612176239     
          20           2   13572103.728443090     
          20           3   13580116.991870809     
          20           4   13588130.402472846     
          20           5   13596143.960262407     
          20           6   13604157.665253924     
          20           7   13612171.517460341     
          20           8   13620185.516896158     
          20           9   13628199.663574774     
          20          10   13636213.957511930     
          20          11   13644228.398719929     
