       0.0000000000000000     
   55089.163667992580       0.99995753954617717     
   1.1485431790863497E-002   2.0847918809301758E-007
   0.0000000000000000        0.0000000000000000     
   0.0000000000000000        0.0000000000000000     
   3.6836395897737630E-006   6.6864024347227569E-011
  0.98810847234418908        1.7935769051874436E-005
   1.5523727956220774E-002   2.8178080366658039E-007
   1.4792852250363165E-002   2.6851422592457557E-007
   0.0000000000000000        0.0000000000000000     
  0.23712051251537697        4.3041213277406973E-006
   1.0721755334869307        1.9461722361381945E-005
   0.0000000000000000        0.0000000000000000     
   0.0000000000000000        0.0000000000000000     
   0.0000000000000000        0.0000000000000000     
   299.73324004091626     
   355.72596600230719     
   1078.0666627438086     
   2987.6566597220417     
   2158.1695151607778     
  -6.6318705121906811     
   3.4598654257468811     
   5.0000000000000000     
   3.0000000000000000     
  0.19891829939177583     
   10000000.000000000     
           1
           1
