   284965558.45527661     
   284965555.88194847     
   284965553.35885161     
   284965550.88513428     
   284965548.45996344     
   284965546.08251935     
   284965543.75199509     
   284965541.46759462     
   284965539.22853279     
   284965537.03403670     
   284965534.88334316     
   284965532.77570021     
   284965530.71036637     
   284965528.68661106     
   284965526.70371395     
   284965524.76096475     
   284965522.85766488     
   284965520.99312478     
   284965519.16666543     
