   284964810.89050114     
   284964810.89049315     
   284964810.89046872     
   284964810.89041919     
   284964810.89033562     
   284964810.89020932     
   284964810.89003181     
   284964810.88979459     
   284964810.88948929     
   284964810.88910735     
   284964810.88864064     
   284964810.88808143     
   284964810.88742077     
   284964810.88665122     
   284964810.88576418     
   284964810.88475150     
   284964810.88360530     
   284964810.88231754     
   284964810.88088000     
   284964810.87928486     
   284964810.87752461     
   284964810.87559122     
   284964810.87347680     
   284964810.87117302     
   284964810.86867303     
   284964810.86596811     
   284964810.86305159     
   284964810.85991490     
   284964810.85655105     
   284964810.85295194     
   284964810.84911048     
   284964810.84501839     
   284964810.84066886     
   284964810.83605403     
   284964810.83116710     
   284964810.82599962     
   284964810.82054472     
   284964810.81479514     
                       NaN
                       NaN
