   284903102.72018784     
   284903102.66677481     
   284903102.61446255     
   284903102.56311285     
   284903102.51264280     
   284903102.46294826     
   284903102.41390193     
   284903102.36535519     
   284903102.31713575     
   284903102.26903260     
   284903102.22075272     
   284903102.17196238     
   284903102.12224299     
   284903102.07103765     
   284903102.01759714     
   284903101.96091121     
   284903101.89962423     
   284903101.83193392     
   284903101.75548398     
   284903101.66725111     
   284903101.56343806     
   284903101.43936557     
   284903101.28936249     
   284903101.10665280     
   284903100.88324314     
   284903100.60981095     
   284903100.27559948     
   284903099.86831653     
   284903099.37404454     
   284903098.77715814     
   284903098.06025958     
   284903097.20412540     
   284903096.18767279     
   284903094.98794466     
   284903093.58011955     
   284903091.93754417     
   284903090.03179610     
   284903087.83277571     
   284903085.30883509     
   284903082.42694533     
   284903079.15290672     
   284903075.45160592     
   284903071.28733134     
   284903066.62414157     
   284903061.42630583     
   284903055.65880549     
   284903049.28791267     
   284903042.28183657     
   284903034.61143112     
   284903026.25095212     
   284903017.17883211     
   284903007.37844038     
   284902996.83877265     
   284902985.55500901     
   284902973.52888018     
   284902960.76877743     
   284902947.28957200     
   284902933.11213130     
   284902918.26256442     
   284902902.77125299     
   284902886.67176360     
   284902869.99972779     
   284902852.79178119     
   284902835.08462948     
   284902816.91427726     
   284902798.31543332     
   284902779.32109272     
   284902759.96226478     
   284902740.26783192     
   284902720.26450586     
   284902699.97685397     
   284902679.42737955     
   284902658.63663024     
   284902637.62333059     
   284902616.40451610     
   284902594.99567717     
   284902573.41088986     
   284902551.66294914     
   284902529.76348865     
   284902507.72309160     
   284902485.55139351     
   284902463.25717604     
   284902440.84845054     
   284902418.33253413     
   284902395.71611750     
   284902373.00532681     
   284902350.20577782     
   284902327.32262570     
   284902304.36060953     
   284902281.32408965     
   284902258.21708536     
   284902235.04330498     
   284902211.80617464     
   284902188.50886405     
   284902165.15430945     
   284902141.74523330     
   284902118.28416395     
   284902094.77345204     
   284902071.21528471     
   284902047.61170065     
   284902023.96459985     
   284902000.27575898     
   284901976.54683697     
   284901952.77938771     
   284901928.97486532     
   284901905.13463467     
   284901881.25997597     
   284901857.35209262     
   284901833.41211528     
   284901809.44110912     
   284901785.44007754     
   284901761.40996593     
   284901737.35166717     
   284901713.26602405     
   284901689.15383375     
   284901665.01584965     
   284901640.85278523     
   284901616.66531682     
   284901592.45408487     
   284901568.21969789     
   284901543.96273351     
   284901519.68373978     
   284901495.38323820     
   284901471.06172478     
   284901446.71967208     
   284901422.35752994     
   284901397.97572702     
   284901373.57467204     
   284901349.15475529     
   284901324.71634924     
   284901300.25980932     
   284901275.78547621     
   284901251.29367501     
   284901226.78471667     
   284901202.25889933     
   284901177.71650809     
   284901153.15781677     
   284901128.58308697     
   284901103.99257046     
   284901079.38650888     
   284901054.76513344     
   284901030.12866628     
   284901005.47732228     
   284900980.81130588     
   284900956.13081503     
   284900931.43603992     
   284900906.72716355     
   284900882.00436246     
   284900857.26780635     
   284900832.51765925     
