   284965558.45514166     
   284965555.87851751     
   284965553.33668554     
   284965550.80450726     
   284965548.23827451     
   284965545.58821028     
   284965542.79868358     
   284965539.80634731     
   284965536.54071426     
   284965532.92481691     
   284965528.87598300     
   284965524.30674118     
   284965519.12588799     
   284965513.23975533     
   284965506.55373955     
   284965498.97416341     
   284965490.41056043     
   284965480.77847272     
   284965470.00281864     
   284965458.02180958     
   284965444.79123122     
   284965430.28864479     
   284965414.51676905     
   284965397.50508410     
   284965379.30880433     
   284965360.00491983     
   284965339.68587470     
   284965318.45220894     
   284965296.40564895     
   284965273.64372796     
   284965250.25631911     
   284965226.32391560     
   284965201.91720933     
   284965177.09749120     
   284965151.91748863     
   284965126.42237663     
   284965100.65080100     
   284965074.63583392     
                       NaN
                       NaN
