   284903079.12946689     
   284903055.48304474     
   284903031.83213431     
   284903008.18239903     
   284902984.53793609     
   284902960.90210712     
   284902937.27777898     
   284902913.66743243     
   284902890.07323790     
   284902866.49710733     
   284902842.94073623     
   284902819.40563428     
   284902795.89315164     
   284902772.40450209     
   284902748.94077861     
   284902725.50297004     
   284902702.09197211     
   284902678.70859843     
   284902655.35358816     
   284902632.02761406     
   284902608.73128939     
   284902585.46517175     
   284902562.22976917     
   284902539.02554303     
   284902515.85291177     
   284902492.71225446     
   284902469.60391313     
   284902446.52819353     
   284902423.48537022     
   284902400.47568750     
   284902377.49936020     
   284902354.55657482     
   284902331.64749277     
   284902308.77225167     
   284902285.93096441     
   284902263.12372375     
   284902240.35059994     
   284902217.61164397     
   284902194.90688878     
   284902172.23634839     
   284902149.60002095     
   284902126.99788761     
   284902104.42991579     
   284902081.89605707     
   284902059.39625084     
   284902036.93042320     
   284902014.49848837     
   284901992.10034955     
   284901969.73589915     
   284901947.40501970     
   284901925.10758513     
   284901902.84345996     
   284901880.61250049     
   284901858.41455686     
   284901836.24947119     
   284901814.11707932     
   284901792.01721132     
   284901769.94969231     
   284901747.91434175     
   284901725.91097564     
   284901703.93940496     
   284901681.99943739     
   284901660.09087729     
   284901638.21352589     
   284901616.36718297     
   284901594.55164450     
   284901572.76670527     
   284901551.01215798     
   284901529.28779638     
   284901507.59340954     
   284901485.92878872     
   284901464.29372299     
   284901442.68800175     
   284901421.11141443     
   284901399.56374979     
   284901378.04479766     
   284901356.55434835     
   284901335.09219301     
   284901313.65812272     
   284901292.25193077     
   284901270.87341058     
   284901249.52235752     
   284901228.19856739     
   284901206.90183890     
   284901185.63197124     
   284901164.38876581     
   284901143.17202610     
   284901121.98155677     
   284901100.81716496     
   284901079.67865986     
   284901058.56585228     
   284901037.47855651     
   284901016.41658765     
   284900995.37976408     
   284900974.36790556     
   284900953.38083500     
   284900932.41837764     
   284900911.48036104     
   284900890.56661552     
   284900869.67697340     
   284900848.81127036     
   284900827.96934319     
   284900807.15103269     
   284900786.35618132     
   284900765.58463508     
   284900744.83624095     
   284900724.11085039     
   284900703.40831596     
   284900682.72849327     
   284900662.07124078     
   284900641.43641913     
   284900620.82389140     
   284900600.23352402     
   284900579.66518486     
   284900559.11874455     
   284900538.59407711     
   284900518.09105748     
   284900497.60956407     
   284900477.14947766     
   284900456.71068072     
   284900436.29305792     
   284900415.89649749     
   284900395.52088892     
   284900375.16612405     
   284900354.83209717     
   284900334.51870430     
   284900314.22584343     
   284900293.95341581     
   284900273.70132363     
   284900253.46947128     
   284900233.25776547     
   284900213.06611466     
   284900192.89442950     
   284900172.74262106     
   284900152.61060423     
   284900132.49829429     
   284900112.40560859     
   284900092.33246654     
   284900072.27878869     
   284900052.24449688     
   284900032.22951567     
   284900012.23376924     
   284899992.25718564     
   284899972.29969257     
   284899952.36121994     
   284899932.44169766     
   284899912.54105854     
   284899892.65923595     
   284899872.79616499     
   284899852.95178127     
