  -558029.31886737526     
  -558011.72581341176     
  -557946.20413195470     
  -557793.81127249287     
  -557514.18886713719     
  -557069.18723406910     
  -556424.73256465059     
  -555551.73678880592     
  -554426.39593538316     
  -553030.00543111784     
  -551348.54924528184     
  -549372.18216028367     
  -547094.67819029570     
  -544512.88954234670     
  -541626.24155752419     
  -538436.27652591444     
  -534946.25135049538     
  -531160.78907913622     
  -527085.58138669422     
  -522727.13762521197     
  -518092.57528589212     
  -513189.44655021600     
  -508025.59557246807     
  -502609.04086554749     
  -496947.87578897143     
  -491050.17470530194     
  -484923.89165903162     
  -478576.85074974323     
  -472016.88523104205     
  -465251.77041931945     
  -458289.11837227410     
  -451136.35317322426     
  -443800.70353398874     
  -436289.19888995966     
  -428608.66763071663     
  -420765.73689380731     
  -412766.83356206003     
  -404618.18610773649     
  -396325.82711041282     
  -387895.59627877426     
  -379333.14386006090     
  -370643.93435624428     
  -361833.25051118224     
  -352906.19747073203     
  -343867.70712779497     
  -334722.54258997930     
  -325475.30272650899     
  -316130.42678742809     
  -306692.19900985819     
  -297164.75320400175     
