   2392829802.6566620     
   2392829789.6378584     
   2392829768.0349021     
   2392829744.6389170     
   2392829721.0144329     
   2392829697.3328104     
   2392829673.6219964     
   2392829649.8883367     
   2392829626.1335387     
   2392829602.3581066     
   2392829578.5622578     
   2392829554.7461586     
   2392829530.9100146     
   2392829507.0540891     
   2392829483.1787000     
   2392829459.2842293     
   2392829435.3710856     
   2392829411.4397235     
   2392829387.4906101     
   2392829363.5242496     
   2392829339.5411425     
   2392829315.5418253     
   2392829291.5268197     
   2392829267.4966617     
   2392829243.4518886     
   2392829219.3930368     
   2392829195.3206434     
   2392829171.2352347     
   2392829147.1373415     
   2392829123.0274873     
   2392829098.9061847     
   2392829074.7739434     
   2392829050.6312656     
   2392829026.4786410     
   2392829002.3165550     
   2392828978.1454816     
   2392828953.9658880     
   2392828929.7782350     
   2392828905.5829625     
   2392828881.3805118     
   2392828857.1713147     
   2392828832.9557781     
   2392828808.7343192     
   2392828784.5073266     
   2392828760.2751937     
   2392828736.0382915     
   2392828711.7969909     
   2392828687.5516467     
   2392828663.3026061     
   2392828639.0502086     
   2392828614.7947750     
   2392828590.5366297     
   2392828566.2760787     
   2392828542.0134149     
   2392828517.7489338     
   2392828493.4829102     
   2392828469.2156148     
   2392828444.9473109     
   2392828420.6782551     
   2392828396.4086843     
   2392828372.1388369     
   2392828347.8689446     
   2392828323.5992231     
   2392828299.3298841     
   2392828275.0611358     
   2392828250.7931705     
   2392828226.5261784     
   2392828202.2603431     
   2392828177.9958382     
   2392828153.7328310     
   2392828129.4714851     
   2392828105.2119579     
   2392828080.9543948     
   2392828056.6989422     
   2392828032.4457374     
   2392828008.1949091     
   2392827983.9465861     
   2392827959.7008872     
   2392827935.4579301     
   2392827911.2178235     
   2392827886.9806714     
   2392827862.7465777     
   2392827838.5156379     
   2392827814.2879462     
   2392827790.0635843     
   2392827765.8426414     
   2392827741.6251945     
   2392827717.4113188     
   2392827693.2010884     
   2392827668.9945712     
   2392827644.7918339     
   2392827620.5929379     
   2392827596.3979402     
   2392827572.2068949     
   2392827548.0198617     
   2392827523.8368869     
   2392827499.6580186     
   2392827475.4833035     
   2392827451.3127770     
   2392827427.1464887     
   2392827402.9844737     
   2392827378.8267694     
   2392827354.6734080     
   2392827330.5244217     
   2392827306.3798409     
   2392827282.2396922     
   2392827258.1040068     
   2392827233.9728060     
   2392827209.8461180     
   2392827185.7239609     
   2392827161.6063600     
   2392827137.4933338     
   2392827113.3849044     
   2392827089.2810864     
   2392827065.1818995     
   2392827041.0873575     
   2392827016.9974780     
   2392826992.9122744     
   2392826968.8317585     
   2392826944.7559457     
   2392826920.6848493     
   2392826896.6184793     
   2392826872.5568495     
   2392826848.4999681     
   2392826824.4478445     
   2392826800.4004951     
   2392826776.3579297     
   2392826752.3201532     
   2392826728.2871771     
   2392826704.2590117     
   2392826680.2356682     
   2392826656.2171526     
   2392826632.2034731     
   2392826608.1946416     
   2392826584.1906672     
   2392826560.1915598     
   2392826536.1973286     
   2392826512.2079778     
   2392826488.2235217     
   2392826464.2439733     
   2392826440.2693367     
   2392826416.2996259     
   2392826392.3348494     
   2392826368.3750157     
   2392826344.4201369     
   2392826320.4702234     
   2392826296.5252867     
   2392826272.5853405     
   2392826248.6503925     
   2392826224.7204547     
