  -558030.82723541593     
  -558030.62322990131     
  -558027.22343000153     
  -558015.47570253152     
  -557987.45375268755     
  -557932.73028670205     
  -557838.83729562769     
  -557691.79165975086     
  -557476.62498841598     
  -557177.87152793270     
  -556779.99111746275     
  -556267.71999050758     
  -555626.35020001861     
  -554841.94295683282     
  -553901.48341698165     
  -552792.98531282682     
  -551505.55376875889     
  -550029.41413955996     
  -548355.91387758113     
  -546477.50353919005     
  -544387.70212956355     
  -542081.05112451722     
  -539553.06066844135     
  -536800.15075310762     
  -533819.58943098865     
  -530609.42916305584     
  -527168.44106448884     
  -523496.04930236237     
  -519592.27840153355     
  -515457.70914817881     
  -511093.42931726068     
  -506500.98411138525     
  -501682.32979447109     
  -496639.79084418376     
  -491376.02046223212     
  -485893.96427723271     
  -480196.82706098899     
  -474288.04224041686     
  -468171.24398952414     
  -461850.24172189448     
  -455328.99678009172     
  -448611.60111692955     
  -441702.25782546902     
  -434605.26332252036     
  -427324.99105561629     
  -419865.87658411608     
  -412232.40390805306     
  -404429.09293216519     
  -396460.48796566785     
  -388331.14714594127     
