   2393357049.2904215     
   2393357020.7756562     
   2393356992.2598515     
   2393356963.7431531     
   2393356935.2256293     
   2393356906.7073083     
   2393356878.1882033     
   2393356849.6683130     
   2393356821.1476378     
   2393356792.6261830     
   2393356764.1039448     
   2393356735.5809259     
   2393356707.0571241     
   2393356678.5325408     
   2393356650.0071726     
   2393356621.4810205     
   2393356592.9540858     
   2393356564.4263692     
   2393356535.8978672     
   2393356507.3685822     
   2393356478.8385124     
   2393356450.3076572     
   2393356421.7760158     
   2393356393.2435884     
   2393356364.7103763     
   2393356336.1763783     
   2393356307.6415944     
   2393356279.1060238     
   2393356250.5696640     
   2393356222.0325193     
   2393356193.4945874     
   2393356164.9558687     
   2393356136.4163609     
   2393356107.8760633     
   2393356079.3349776     
   2393356050.7931037     
   2393356022.2504382     
   2393355993.7069850     
   2393355965.1751065     
   2393355936.6825905     
   2393355908.2323804     
   2393355879.8250084     
   2393355851.4604616     
   2393355823.1385236     
   2393355794.8588901     
   2393355766.6212249     
   2393355738.4251981     
   2393355710.2704778     
   2393355682.1567545     
   2393355654.0837302     
   2393355626.0511203     
   2393355598.0586543     
   2393355570.1060700     
   2393355542.1931210     
   2393355514.3195696     
   2393355486.4851894     
   2393355458.6897612     
   2393355430.9330788     
   2393355403.2149348     
   2393355375.5351381     
   2393355347.8935022     
   2393355320.2898440     
   2393355292.7239890     
   2393355265.1957669     
   2393355237.7050133     
   2393355210.2515721     
   2393355182.8352861     
   2393355155.4560032     
   2393355128.1135769     
   2393355100.8078666     
   2393355073.5387373     
   2393355046.3060498     
   2393355019.1096702     
   2393354991.9494734     
   2393354964.8253350     
   2393354937.7371325     
   2393354910.6847448     
   2393354883.6680555     
   2393354856.6869493     
   2393354829.7413135     
   2393354802.8310370     
   2393354775.9560156     
   2393354749.1161423     
   2393354722.3113155     
   2393354695.5414286     
   2393354668.8063893     
   2393354642.1060944     
   2393354615.4404459     
   2393354588.8093543     
   2393354562.2127223     
   2393354535.6504598     
   2393354509.1224766     
   2393354482.6286831     
   2393354456.1689939     
   2393354429.7433214     
   2393354403.3515821     
   2393354376.9936943     
   2393354350.6695733     
   2393354324.3791356     
   2393354298.1223040     
   2393354271.8989964     
   2393354245.7091370     
   2393354219.5526509     
   2393354193.4294577     
   2393354167.3394876     
   2393354141.2826619     
   2393354115.2589064     
   2393354089.2681513     
   2393354063.3103218     
   2393354037.3853464     
   2393354011.4931617     
   2393353985.6336899     
   2393353959.8068633     
   2393353934.0126200     
   2393353908.2508817     
   2393353882.5215926     
   2393353856.8246808     
   2393353831.1600814     
   2393353805.5277257     
   2393353779.9275551     
   2393353754.3595037     
   2393353728.8235078     
   2393353703.3195019     
   2393353677.8474278     
   2393353652.4072208     
   2393353626.9988198     
   2393353601.6221657     
   2393353576.2771902     
   2393353550.9638448     
   2393353525.6820621     
   2393353500.4317865     
   2393353475.2129583     
   2393353450.0255127     
   2393353424.8694000     
   2393353399.7445602     
   2393353374.6509333     
   2393353349.5884638     
   2393353324.5570946     
   2393353299.5567713     
   2393353274.5874319     
   2393353249.6490264     
   2393353224.7414966     
   2393353199.8647857     
   2393353175.0188413     
   2393353150.2036080     
   2393353125.4190311     
   2393353100.6650534     
   2393353075.9416261     
   2393353051.2486916     
   2393353026.5861983     
