   2392829804.5910931     
   2392829804.4744449     
   2392829804.3567529     
   2392829804.2246642     
   2392829804.0438657     
   2392829803.7446413     
   2392829803.2070665     
   2392829802.2486010     
   2392829800.6175442     
   2392829797.9960184     
   2392829794.0158067     
   2392829788.2888584     
   2392829780.4518776     
   2392829770.2208405     
   2392829757.4472346     
   2392829742.1627622     
   2392829724.5936470     
   2392829705.1254625     
   2392829684.2173319     
   2392829662.3013091     
   2392829639.7176909     
   2392829616.7032332     
   2392829593.4110065     
   2392829569.9367218     
   2392829546.3397527     
   2392829522.6571832     
   2392829498.9125404     
   2392829475.1210041     
   2392829451.2925668     
   2392829427.4339223     
   2392829403.5496492     
   2392829379.6429415     
   2392829355.7160473     
   2392829331.7706118     
   2392829307.8078322     
   2392829283.8286090     
   2392829259.8336287     
   2392829235.8234372     
   2392829211.7984657     
   2392829187.7590718     
   2392829163.7055473     
   2392829139.6381545     
   2392829115.5571132     
   2392829091.4626317     
   2392829067.3548932     
   2392829043.2340741     
   2392829019.1003299     
   2392828994.9538236     
   2392828970.7947021     
   2392828946.6231098     
   2392828922.4391904     
   2392828898.2430863     
   2392828874.0349321     
   2392828849.8148632     
   2392828825.5830121     
   2392828801.3395014     
   2392828777.0844741     
   2392828752.8180552     
   2392828728.5403728     
   2392828704.2515488     
   2392828679.9517117     
   2392828655.6409774     
   2392828631.3194728     
   2392828606.9873128     
   2392828582.6446171     
   2392828558.2915049     
   2392828533.9280853     
   2392828509.5544748     
   2392828485.1707807     
   2392828460.7771182     
   2392828436.3735914     
   2392828411.9603047     
   2392828387.5373626     
   2392828363.1048717     
   2392828338.6629238     
   2392828314.2116165     
   2392828289.7510548     
   2392828265.2813272     
   2392828240.8025270     
   2392828216.3147464     
   2392828191.8180757     
   2392828167.3125949     
   2392828142.7983932     
   2392828118.2755575     
   2392828093.7441678     
   2392828069.2043004     
   2392828044.6560311     
   2392828020.0994439     
   2392827995.5346069     
   2392827970.9615941     
   2392827946.3804798     
   2392827921.7913313     
   2392827897.1942158     
   2392827872.5891986     
   2392827847.9763479     
   2392827823.3557210     
   2392827798.7273865     
   2392827774.0913978     
   2392827749.4478154     
   2392827724.7966952     
   2392827700.1380944     
   2392827675.4720688     
   2392827650.7986646     
   2392827626.1179366     
   2392827601.4299369     
   2392827576.7347155     
   2392827552.0323181     
   2392827527.3227882     
   2392827502.6061707     
   2392827477.8825116     
   2392827453.1518517     
   2392827428.4142342     
   2392827403.6697030     
   2392827378.9182906     
   2392827354.1600380     
   2392827329.3949823     
   2392827304.6231627     
   2392827279.8446102     
   2392827255.0593629     
   2392827230.2674489     
   2392827205.4689035     
   2392827180.6637588     
   2392827155.8520460     
   2392827131.0337954     
   2392827106.2090340     
   2392827081.3777924     
   2392827056.5400934     
   2392827031.6959724     
   2392827006.8454432     
   2392826981.9885392     
   2392826957.1252856     
   2392826932.2557058     
   2392826907.3798165     
   2392826882.4976525     
   2392826857.6092262     
   2392826832.7145629     
   2392826807.8136797     
   2392826782.9066048     
   2392826757.9933534     
   2392826733.0739474     
   2392826708.1484070     
   2392826683.2167478     
   2392826658.2789893     
   2392826633.3351493     
   2392826608.3852439     
   2392826583.4292922     
   2392826558.4673104     
   2392826533.4993095     
   2392826508.5253139     
   2392826483.5453339     
