   11772810.035621004     
   11991921.674228283     
   12175440.079138411     
   12346176.723096639     
   12513237.633722207     
   12680365.372058434     
   12848962.847310618     
   13019437.943551123     
   13191797.402446512     
   13365902.544341763     
   13541575.656295994     
   13718641.716954773     
   13896942.784969034     
   14076341.256354315     
   14256718.903124917     
   14437974.566690089     
   14620021.647782808     
   14802785.805798307     
   14986202.982682504     
   15170217.751380263     
   15354781.949468158     
   15539853.549572844     
   15725395.720794925     
   15911376.042921411     
   16097765.844803190     
   16284539.648106538     
   16471674.704474101     
   16659150.615924396     
   16846949.026143324     
   17035053.368021294     
   17223448.653308671     
   17412121.293272514     
   17601058.943033170     
   17790250.365031365     
   17979685.308854815     
   18169354.405416515     
   18359249.073810853     
   18549361.439379476     
   19063793.627230510     
   19503180.088173546     
   19882815.397358626     
   20235574.548193242     
   20574782.811654307     
   20906509.891792260     
   21233608.765122220     
   21557458.880242638     
   21878756.146565918     
   22197875.505545005     
   22515038.654356800     
   22830392.241688069     
   23144044.656929106     
   23456083.547175255     
   23766584.305172939     
   24075614.295672011     
   24383235.051453870     
   24689503.489244185     
   24994472.642929383     
   25298192.151479222     
   25600708.616053969     
   25902065.882417273     
   26202305.276777014     
   26501465.809747837     
   26799584.356505163     
   27096695.817951635     
   27392833.266004015     
   27688028.075209856     
   27982310.042405277     
   28275707.495756593     
   28568247.394357931     
   28859955.419352666     
   29150856.057447247     
   29440972.677576736     
   29730327.601377286     
   30018942.168072529     
   30306836.794290353     
   30594031.029283393     
   30880543.605977692     
   31166392.488219187     
   31451594.914555665     
   31736167.438860666     
   32020125.968071718     
   32303485.797272246     
   32586261.642362334     
   32868467.670500003     
   33150117.528495800     
   33431224.369327441     
   33711800.876925163     
   33991859.289351396     
   34271411.420507923     
   34550468.680480264     
   34829042.094619401     
   35107142.321458846     
   35384779.669546261     
   35661964.113279402     
   35938705.307813630     
   36215012.603109322     
   36490895.057180822     
   36766361.448608503     
   37041420.288363516     
   37316079.830993451     
   37590348.085211821     
   37864232.823936962     
   38137741.593814373     
   38410881.724251844     
   38683660.336002104     
   38956084.349325292     
   39228160.491741993     
   39499895.305419855     
   39771295.154194862     
   40042366.230262116     
   40313114.560551465     
   40583546.012796551     
   40853666.301326320     
   41123480.992584236     
   41392995.510394447     
   41662215.140989281     
   41931145.037805974     
   42199790.226071633     
   42468155.607178964     
   42736245.962877721     
   43004065.959274761     
   43271620.150667228     
   43538912.983208254     
   43805948.798419692     
   44072731.836559430     
   44339266.239844896     
   44605556.055546530     
   44871605.238955624     
   45137417.656248450     
   45402997.087255165     
   45668347.227995992     
   45933471.693225555     
   46198374.018900864     
   46463057.664520331     
   46727526.015369587     
   46991782.384686440     
   47255830.015743278     
   47519672.083858140     
   47783311.698328651     
   48046751.904300660     
   48309995.684569076     
   48573045.961314909     
   48835905.597784817     
   49098577.399908394     
   49361064.117861420     
   49623368.447581455     
   49885493.032222658     
   50147440.463574499     
   50409213.283421114     
   50670813.984866098     
