  0.82945402400371437     
  0.82959125573126247     
  0.82957019255244302     
  0.82941281667071165     
  0.82913744782356624     
  0.82875941588353574     
  0.82829161296278198     
  0.82774492950164169     
  0.82712860678143829     
  0.82645052398921670     
  0.82571743281115118     
  0.82493514958411607     
  0.82410871295431010     
  0.82324251341811461     
  0.82234039989412733     
  0.82140576750333616     
  0.82044162995377468     
  0.81945067929002813     
  0.81843533524566581     
  0.81739778601806012     
  0.81634002196839062     
  0.81526386350704816     
  0.81417098421267942     
  0.81306293003937780     
  0.81194113530234135     
  0.81080693600247233     
  0.80966158094900198     
  0.80850624105871993     
  0.80734201714529852     
  0.80616994645873996     
  0.80499100819096336     
  0.80380612812703967     
  0.80261618259127421     
  0.80142200181219125     
  0.80022437280949854     
  0.79902404188866027     
  0.79782171681409242     
  0.79661806871983032     
  0.79541373380628833     
  0.79420931486321977     
  0.79300538265178744     
  0.79180247717267138     
  0.79060110884213575     
  0.78940175959375025     
  0.78820488391996857     
  0.78701090986486122     
  0.78582023997687522     
  0.78463325222850344     
  0.78345030090811218     
  0.78227171748784952     
  0.78109781147047141     
  0.77992887121709276     
  0.77876516475713997     
  0.77760694058132596     
  0.77645442841799117     
  0.77530783999293129     
  0.77416736977256806     
  0.77303319569021345     
  0.77190547985508629     
  0.77078436924373139     
  0.76966999637347300     
  0.76856247995757576     
  0.76746192554187131     
  0.76636842612262390     
  0.76528206274552424     
  0.76420290508573274     
  0.76313101200897582     
  0.76206643211400960     
  0.76100920425516549     
  0.75995935804871617     
  0.75891691435841380     
  0.75788188576427518     
  0.75685427701332231     
  0.75583408545294772     
  0.75482130144726689     
  0.75381590877688620     
  0.75281788502253255     
  0.75182720193300212     
  0.75084382577791009     
  0.74986771768574112     
  0.74889883396768508     
  0.74793712642777310     
  0.74698254265981601     
  0.74603502633164509     
  0.74509451745714828     
  0.74416095265659921     
  0.74323426540575455     
  0.74231438627417590     
  0.74140124315325351     
  0.74049476147436033     
  0.73959486441754652     
  0.73870147311122791     
  0.73781450682320804     
  0.73693388314345709     
  0.73605951815897819     
  0.73519132662112630     
  0.73432922210568519     
  0.73347311716603680     
  0.73262292347969593     
  0.73177855198850239     
  0.73093991303272787     
  0.73010691647934722     
  0.72927947184470709     
  0.72845748841181202     
  0.72764087534242794     
  0.72682954178421133     
  0.72602339697302398     
  0.72522235033062488     
  0.72442631155787929     
  0.72363519072364346     
  0.72284889834946353     
  0.72206734549021234     
  0.72129044381079666     
  0.72051810565902563     
  0.71975024413478206     
  0.71898677315556381     
  0.71822760751850856     
  0.71747266295897605     
  0.71672185620578888     
  0.71597510503319750     
  0.71523232830965067     
  0.71449344604344134     
  0.71375837942529829     
  0.71302705086799356     
  0.71229938404301774     
  0.71157530391441060     
  0.71085473676977995     
  0.71013761024858679     
  0.70942385336775848     
  0.70871339654468168     
  0.70800617161762891     
  0.70730211186369796     
  0.70660115201430795     
  0.70590322826830976     
  0.70520827830278587     
  0.70451624128159274     
  0.70382705786169986     
  0.70314067019740745     
  0.70245702194248483     
  0.70177605825031431     
  0.70109772577209073     
  0.70042197265315054     
  0.69974874852750024     
  0.69907800451060242     
  0.69840969319050050     
  0.69774376861734455     
  0.69708018629139279     
  0.69641890314954724     
  0.69575987755052049     
  0.69510306925867937     
