  0.99999999999999967     
   1.0000000000000000     
  0.99999999999999967     
   1.0000000000000002     
   1.0000000000000000     
  0.99999999999999978     
   1.0000000000000002     
   1.0000000000000002     
  0.99999999999999989     
   1.0000000000000002     
   1.0000000000000004     
   1.0000000000000002     
   1.0000000000000000     
   1.0000000000000000     
   1.0000000000000000     
   1.0000000000000004     
  0.99999999999999989     
  0.99999999999999989     
   1.0000000000000004     
   1.0000000000000000     
   1.0000000000000000     
   1.0000000000000000     
  0.60235390302183811     
  0.60227000046777590     
  0.60218266989750246     
  0.60209191928967365     
  0.60199775671101818     
  0.60190019035262288     
  0.60179922854548862     
  0.60169487976686842     
  0.60158715243015837     
  0.60147605479289745     
  0.60136159554203816     
  0.60124378363961617     
  0.60112262825135099     
  0.60099813871346364     
  0.60087032451642586     
  0.60073919529664976     
  0.60060476083213488     
  0.60046703103899701     
  0.60032601597011370     
  0.60018172581293394     
  0.60003417088774502     
  0.59988336164593925     
  0.59972930866843810     
  0.59957202266393728     
  0.59941151446724605     
  0.59924779503765735     
  0.59908087545719235     
  0.59891076692901890     
  0.59873748077562139     
  0.59856102843717218     
  0.59838142146976936     
  0.59819867154372208     
  0.59801279044180145     
  0.59782379005750808     
  0.59763168239331377     
  0.59743647955885526     
  0.59723819376927167     
  0.59703683734335000     
  0.59683242270175929     
  0.59662496236527240     
  0.59641446895303440     
  0.59620095518066862     
  0.59598443385862032     
  0.59576491789021746     
  0.59554242026996929     
  0.59531695408179097     
  0.59508853249709837     
  0.59485716877308148     
  0.59462287625089216     
  0.59438566835386319     
