   1.0000000000000002     
  0.99999999999999978     
   1.0000000000000002     
   1.0000000000000004     
   1.0000000000000000     
   1.0000000000000002     
  0.99999999999999989     
   1.0000000000000002     
  0.99999999999999978     
  0.99999999999999989     
  0.99999999999999944     
  0.99999999999999989     
   1.0000000000000000     
  0.99999999999999989     
   1.0000000000000002     
   1.0000000000000004     
   1.0000000000000000     
   1.0000000000000002     
   1.0000000000000002     
  0.99999999999999989     
   1.0000000000000002     
   1.0000000000000002     
  0.59341336175131210     
  0.59341322485313885     
  0.59341308709449703     
  0.59341294844279024     
  0.59341280886504999     
  0.59341266832855144     
  0.59341252680073842     
  0.59341238424910214     
  0.59341224064131681     
  0.59341209594500022     
  0.59341195012796155     
  0.59341180315790409     
  0.59341165500268467     
  0.59341150563021272     
  0.59341135500839326     
  0.59341120310522377     
  0.59341104988873083     
  0.59341089532698932     
  0.59341073938814337     
  0.59341058204041408     
  0.59341042325202920     
  0.59341026299126354     
  0.59341010122649407     
  0.59340993792613206     
  0.59340977305863052     
  0.59340960659248543     
  0.59340943849624783     
  0.59340926873859601     
  0.59340909728817404     
  0.59340892411372259     
  0.59340874918403708     
  0.59340857246793710     
  0.59340839393437805     
  0.59340821355227036     
  0.59340803129064590     
  0.59340784711858496     
  0.59340766100521058     
  0.59340747291970486     
  0.59340728283133803     
  0.59340709070937403     
  0.59340689652321277     
  0.59340670024227915     
  0.59340650183603949     
  0.59340630127403682     
  0.59340609852586024     
  0.59340589356120010     
  0.59340568634972857     
  0.59340547686127354     
  0.59340526506564872     
  0.59340505093276119     
