  0.82913231456379888     
  0.82913310433659115     
  0.82913598692033552     
  0.82914266305154527     
  0.82915489449422797     
  0.82917434651208533     
  0.82920250709077470     
  0.82924064769964323     
  0.82928981043024053     
  0.82935081595659055     
  0.82942428115416522     
  0.82951064124376483     
  0.82961017333952414     
  0.82972301951489436     
  0.82984920831588171     
  0.82998867418227806     
  0.83014127457632736     
  0.83030680482655972     
  0.83048501081533022     
  0.83067559970243576     
  0.83087824890543749     
  0.83109261356540542     
  0.83131833272741862     
  0.83155503447570100     
  0.83180234032696754     
  0.83205986942359556     
  0.83232724310701900     
  0.83260408550224185     
  0.83289001755417869     
  0.83318466011608183     
  0.83348763874755083     
  0.83379858498974235     
  0.83411713688741118     
  0.83444293936352176     
  0.83477564450251918     
  0.83511491176536412     
  0.83546040815288591     
  0.83581180832977797     
  0.83616879471845951     
  0.83653105756959290     
  0.83689829501425028     
  0.83727021310129279     
  0.83764652582157717     
  0.83802695512180880     
  0.83841123090831970     
  0.83879909104094841     
  0.83919028131746864     
  0.83958455544852006     
  0.83998167502296583     
  0.84038140946351503     
