  0.82913224860249501     
  0.82913227864484473     
  0.82913244984893764     
  0.82913299360293746     
  0.82913426575698523     
  0.82913673441149283     
  0.82914095932146237     
  0.82914756836995152     
  0.82915723383360374     
  0.82917065049406702     
  0.82918851661755433     
  0.82921151811899985     
  0.82924031587616431     
  0.82927553596225967     
  0.82931776246764222     
  0.82936753254544560     
  0.82942533331821200     
  0.82949160030642977     
  0.82956671707470675     
  0.82965101583040446     
  0.82974477874876318     
  0.82984823983578382     
  0.82996158717434487     
  0.83008496543068044     
  0.83021847853003272     
  0.83036219245123966     
  0.83051613814993652     
  0.83068031450621727     
  0.83085469072188167     
  0.83103920835755729     
  0.83123378362963085     
  0.83143830974304289     
  0.83165265909880592     
  0.83187668536089898     
  0.83211022538555968     
  0.83235310101832194     
  0.83260512076521864     
  0.83286608134518425     
  0.83313576913090537     
  0.83341396148546432     
  0.83370042800188426     
  0.83399493165249705     
  0.83429722985466270     
  0.83460707545893797     
  0.83492421766549807     
  0.83524840287402635     
  0.83557937547192551     
  0.83591687856525543     
  0.83626065465641819     
  0.83661044627223435     
