  0.99999978804135570     
  0.99999898282712774     
  0.99999753924867940     
  0.99999546122874750     
  0.99999276032436146     
  0.99998944616006691     
  0.99998552504639582     
  0.99998100080835461     
  0.99997587576126545     
  0.99997015138859602     
  0.99996382874006084     
  0.99995690864667963     
  0.99994939183132536     
  0.99994127896365592     
  0.99993257068679298     
  0.99992326763003636     
  0.99991337041485528     
  0.99990287965767810     
  0.99989179597118616     
  0.99988011996491455     
  0.99986785224553210     
  0.99985499341697925     
  0.99984154408053594     
  0.99982750483485738     
  0.99981287627600246     
  0.99979765899745465     
  0.99978185359013039     
  0.99976546064240290     
  0.99974848074010925     
  0.99973091446656426     
  0.99971276360707184     
  0.99969402964620135     
  0.99967471133940933     
  0.99965480946246665     
  0.99963432478837166     
  0.99961325808734569     
  0.99959161012685249     
  0.99956938167159848     
                       NaN
                       NaN
