  0.81853993334469433     
  0.82162801847034028     
  0.82466979348651770     
  0.82766497435246600     
  0.83061304934842717     
  0.83351330333337437     
  0.83636482247303578     
  0.83916649281024491     
  0.84191699908298001     
  0.84461482548804412     
  0.84725825787675757     
  0.84984538645599383     
  0.85237410829572435     
  0.85484212922973224     
  0.85724696493462427     
  0.85958594108949560     
  0.86185619259007185     
  0.86405466184800983     
  0.86617809627040243     
  0.86822304510199932     
  0.87018585593269204     
  0.87206267132371751     
  0.87384942616508465     
  0.87554184648890909     
  0.87713545044791841     
  0.87862555195923620     
  0.88000726712611566     
  0.88127552311331936     
  0.88242506884077665     
  0.88345048677578286     
  0.88434620521711882     
  0.88510651066859658     
  0.88572556009773418     
  0.88619739302082512     
  0.88651594344201101     
  0.88667505171566474     
  0.88666847641453850     
  0.88648990628449875     
                       NaN
                       NaN
