   6.5264687358665353E-008
   1.6777028964105210E-008
   7.6614259173409813E-009
   4.4240393005729745E-009
   2.9040912096334720E-009
   2.0668423720061358E-009
   1.5550535648340063E-009
   1.2183915958903670E-009
   9.8451200977551415E-010
   8.1503627048520754E-010
   6.8803496784753642E-010
   5.9022174881966765E-010
   5.1315575432300336E-010
   4.5125994035138838E-010
   4.0072582927768914E-010
   3.5887842219120377E-010
   3.2379263316486127E-010
   2.9405337771312638E-010
   2.6860087608393179E-010
