  0.81850527198111855     
  0.82112234354681057     
  0.82251405985405157     
  0.82173214433965303     
  0.81771868724919794     
  0.81034539682145779     
  0.79913864786804578     
  0.78370132071184850     
  0.76373089557026586     
  0.73903716637050709     
  0.70955953143771000     
  0.67538261464532867     
  0.63674931165418802     
  0.59407035607501235     
  0.54792924470110282     
  0.49908087579410937     
  0.44844154637591471     
  0.39706709365460929     
  0.34611521654169847     
  0.29678801817005140     
  0.25025273339726445     
  0.20754390575097059     
  0.16945953743304421     
  0.13647438090160757     
  0.10869837732476972     
   8.5899046315487490E-002
   6.7583479538135663E-002
   5.3111887143620314E-002
   4.1806718401956176E-002
   3.3032272630774163E-002
   2.6238050524916182E-002
   2.0972498106324532E-002
   1.6878367484577002E-002
   1.3679480686088487E-002
   1.1165247972653669E-002
   9.1762227697137575E-003
   7.5919673737992015E-003
   6.3214297877119373E-003
   5.1544244677053453E-003
   3.9735385820703680E-003
   3.0246083241370673E-003
   2.3172695050732391E-003
   1.7987041071082419E-003
   1.4167902386929263E-003
   1.1320303042842716E-003
   9.1657821677636967E-004
   7.5114432195476507E-004
   6.2232820770966035E-004
   5.2071837630343707E-004
   4.3961244461801984E-004
   3.7416724553840499E-004
   3.2083280780589000E-004
   2.7697158680206423E-004
   2.4059896672951807E-004
   2.1020393111152605E-004
   1.8462340013400731E-004
   1.6295298338736715E-004
   1.4448278435947253E-004
   1.2865066571121091E-004
   1.1500784059907917E-004
   1.0319327010263415E-004
   9.2914423425039007E-005
   8.3932684614580042E-005
   7.6052186616203200E-005
   6.9111197296419500E-005
   6.2975422602388657E-005
   5.7532762056022470E-005
   5.2689173212200486E-005
   4.8365389253357833E-005
   4.4494297578392298E-005
   4.1018833971692946E-005
   3.7890281503105058E-005
   3.5066889075720169E-005
   3.2512743886706570E-005
   3.0196846697570546E-005
   2.8092349948069320E-005
   2.6175927280707578E-005
   2.4427249619428346E-005
   2.2828548044637679E-005
   2.1364247681383155E-005
   2.0020659932511109E-005
   1.8785722842410643E-005
   1.7648781319352876E-005
   1.6600400489254617E-005
   1.5632206687858440E-005
   1.4736751588647100E-005
   1.3907395761702429E-005
   1.3138208604278925E-005
   1.2423882108088842E-005
   1.1759656355686509E-005
   1.1141254987959794E-005
   1.0564829171795937E-005
   1.0026908833452304E-005
   9.5243601185659935E-006
   9.0543482017626690E-006
   8.6143047035332848E-006
   8.2018990844203103E-006
   7.8150134805307351E-006
   7.4517205232190420E-006
   7.1102637520784066E-006
   6.7890402862674570E-006
   6.4865854664550069E-006
   6.2015592196998724E-006
   5.9327339335970440E-006
   5.6789836549686808E-006
   5.4392744530990234E-006
   5.2126558095791556E-006
   4.9982529082148185E-006
   4.7952597344196738E-006
   4.6029328724631324E-006
   4.4205859353264761E-006
   4.2475845507265187E-006
   4.0833418426303190E-006
   3.9273143540358361E-006
   3.7789983632854152E-006
   3.6379265518349435E-006
   3.5036649863237494E-006
   3.3758103820954277E-006
   3.2539876190794739E-006
   3.1378474842356337E-006
   3.0270646176529740E-006
   2.9213356419338347E-006
   2.8203774567255029E-006
   2.7239256822288955E-006
   2.6317332372496222E-006
   2.5435690388897829E-006
   2.4592168123344993E-006
   2.3784740003920161E-006
   2.3011507635134154E-006
   2.2270690619502601E-006
   2.1560618125305124E-006
   2.0879721133998086E-006
   2.0226525305843423E-006
   1.9599644409088198E-006
   1.8997774263318081E-006
   1.8419687152295339E-006
   1.7864226665857563E-006
   1.7330302934272035E-006
   1.6816888221873968E-006
   1.6323012849884475E-006
   1.5847761421084163E-006
   1.5390269321508287E-006
   1.4949719476569080E-006
   1.4525339341030989E-006
   1.4116398104106532E-006
   1.3722204092573246E-006
   1.3342102356315508E-006
   1.2975472422040197E-006
   1.2621726202138974E-006
   1.2280306046779531E-006
