  0.99500666783489322     
  0.99513304546678272     
  0.99521623169154694     
  0.99529749322784067     
  0.99537641798634746     
  0.99545246430104117     
  0.99552499231865921     
  0.99559329805847319     
  0.99565664581627822     
  0.99571429667527778     
  0.99576553216482366     
  0.99580967289065347     
  0.99584609234541044     
  0.99587422634786227     
  0.99589357863209282     
  0.99590372310330955     
  0.99590270566136474     
  0.99589035488037581     
  0.99586791000469033     
  0.99583522632397936     
  0.99579219624030879     
  0.99573874774454618     
  0.99567483460495798     
  0.99560042573095542     
  0.99551549403341510     
  0.99542000495437299     
  0.99531390481114212     
  0.99519710908603576     
  0.99506949078134488     
  0.99493086894788052     
  0.99478099748506721     
  0.99461955429907456     
  0.99444613089459133     
  0.99426022246395573     
  0.99406121852546059     
  0.99384839415017923     
  0.99362090180472296     
  0.99337776382527987     
  0.99311786552751991     
  0.99283994894761451     
  0.99254260720277276     
  0.99222427945653846     
  0.99188324647615311     
  0.99151762677871147     
  0.99112537338148277     
  0.99070427120308080     
  0.99025193520814869     
  0.98976580945015702     
  0.98924316724455197     
  0.98868111279168636     
  0.98807658465257842     
  0.98742636153977603     
  0.98672707088942913     
  0.98597520059679045     
  0.98516711410354063     
  0.98429906872527584     
  0.98336723674677085     
  0.98236772847437159     
  0.98129661621599995     
  0.98014995812908023     
  0.97892382104105813     
  0.97761430164542407     
  0.97621754580968778     
  0.97472976601096462     
  0.97314725708995364     
  0.97146641058225836     
  0.96968372787386881     
  0.96779583237295563     
  0.96579948082288614     
  0.96369157382135984     
  0.96146916556578121     
  0.95912947281645566     
  0.95666988305409439     
  0.95408796180331024     
  0.95138145909493232     
  0.94854831504544779     
  0.94558666453885543     
  0.94249484100437075     
  0.93927137929125715     
  0.93591501764979401     
  0.93242469883452450     
  0.92879957035219141     
  0.92503898388275807     
  0.92114249390675762     
  0.91710985557684077     
  0.91294102187494919     
  0.90863614009990723     
  0.90419554773266808     
  0.89961976772861973     
  0.89490950328771546     
  0.89006563215444834     
  0.88508920050006246     
  0.87998141643964101     
  0.87474364323650922     
  0.86937739224565114     
  0.86388431564702595     
  0.85826619901832002     
  0.85252495379526250     
  0.84666260966572759     
  0.84068130694206700     
  0.83458328895378842     
  0.82837089450049461     
  0.82204655040260699     
  0.81561276418476458     
  0.80907211692429082     
  0.80242725629438649     
  0.79568088982913543     
  0.78883577843457331     
  0.78189473016750122     
  0.77486059430093701     
  0.76773625569264559     
  0.76052462947036337     
  0.75322865604497835     
  0.74585129646039039     
  0.73839552808642706     
  0.73086434065884531     
  0.72326073266819646     
  0.71558770809735672     
  0.70784827350527013     
  0.70004543545274156     
  0.69218219826404104     
  0.68426156211657829     
  0.67628652144898194     
  0.66826006367688595     
  0.66018516820349782     
  0.65206480571095948     
  0.64390193771852355     
  0.63569951638943445     
  0.62746048457068548     
  0.61918777604659414     
  0.61088431598696791     
  0.60255302156985391     
  0.59419680275793418     
  0.58581856320712866     
  0.57742120128532370     
  0.56900761117861243     
  0.56058068406215367     
  0.55214330931225841     
  0.54369837573621638     
  0.53524877279621552     
  0.52679739180356067     
  0.51834712705947861     
  0.50990087691905850     
  0.50146154475487070     
  0.49303203979740212     
  0.48461527782979075     
  0.47621418171491425     
  0.46783168173368450     
  0.45947071571423553     
  0.45113422893255822     
