   2.3912706555387808E-004
   2.3912810910696949E-004
   2.3912917414936860E-004
   2.3913040532371296E-004
   2.3913214395955600E-004
   2.3913505571123643E-004
   2.3914026451895865E-004
   2.3914946854275196E-004
   2.3916501095157787E-004
   2.3918987663931865E-004
   2.3922758904355607E-004
   2.3928199071483739E-004
   2.3935690687139398E-004
   2.3945571067947831E-004
   2.3958083138412269E-004
   2.3973327784512311E-004
   2.3991230421893707E-004
   2.4011540851394693E-004
   2.4033881524078635E-004
   2.4057831787190992E-004
   2.4083005975868445E-004
   2.4109092937743182E-004
   2.4135859430007416E-004
   2.4163136399668020E-004
   2.4190802355805589E-004
   2.4218769509078069E-004
   2.4246973633704376E-004
   2.4275367022031169E-004
   2.4303913666727539E-004
   2.4332585963951698E-004
   2.4361362437092408E-004
   2.4390226144975410E-004
   2.4419163552707882E-004
   2.4448163718934936E-004
   2.4477217702450002E-004
   2.4506318123029028E-004
   2.4535458832217774E-004
   2.4564634663572959E-004
   2.4593841241056773E-004
   2.4623074830510837E-004
   2.4652332223407131E-004
   2.4681610645038574E-004
   2.4710907681400342E-004
   2.4740221220496137E-004
   2.4769549404874460E-004
   2.4798890592978728E-004
   2.4828243327467201E-004
   2.4857606309083716E-004
   2.4886978374978825E-004
   2.4916358480621609E-004
   2.4945745684626060E-004
   2.4975139135955955E-004
   2.5004538063082000E-004
   2.5033941764749008E-004
   2.5063349602077827E-004
   2.5092760991778226E-004
   2.5122175400292036E-004
   2.5151592338716931E-004
   2.5181011358389158E-004
   2.5210432047024345E-004
   2.5239854025332724E-004
   2.5269276944039399E-004
   2.5298700481251316E-004
   2.5328124340122182E-004
   2.5357548246774715E-004
   2.5386971948445313E-004
   2.5416395211822027E-004
   2.5445817821550816E-004
   2.5475239578889457E-004
   2.5504660300490202E-004
   2.5534079817296262E-004
   2.5563497973538828E-004
   2.5592914625822575E-004
   2.5622329642290302E-004
   2.5651742901857549E-004
   2.5681154293510206E-004
   2.5710563715657992E-004
   2.5739971075538213E-004
   2.5769376288665167E-004
   2.5798779278319922E-004
   2.5828179975077446E-004
   2.5857578316366877E-004
   2.5886974246062234E-004
   2.5916367714100697E-004
   2.5945758676126094E-004
   2.5975147093155565E-004
   2.6004532931266718E-004
   2.6033916161304662E-004
   2.6063296758606412E-004
   2.6092674702741652E-004
   2.6122049977268520E-004
   2.6151422569503202E-004
   2.6180792470302419E-004
   2.6210159673857738E-004
   2.6239524177500769E-004
   2.6268885981518570E-004
   2.6298245088978746E-004
   2.6327601505563231E-004
   2.6356955239410204E-004
   2.6386306300963948E-004
   2.6415654702831607E-004
   2.6445000459647056E-004
   2.6474343587940522E-004
   2.6503684106014900E-004
   2.6533022033826845E-004
   2.6562357392873493E-004
   2.6591690206084431E-004
   2.6621020497717571E-004
   2.6650348293260251E-004
   2.6679673619333955E-004
   2.6708996503603262E-004
   2.6738316974688403E-004
   2.6767635062081532E-004
   2.6796950796066491E-004
   2.6826264207641413E-004
   2.6855575328445084E-004
   2.6884884190685643E-004
   2.6914190827072553E-004
   2.6943495270751318E-004
   2.6972797555240496E-004
   2.7002097714371516E-004
   2.7031395782231029E-004
   2.7060691793105338E-004
   2.7089985781427448E-004
   2.7119277781726011E-004
   2.7148567828576677E-004
   2.7177855956555494E-004
   2.7207142200194124E-004
   2.7236426593937445E-004
   2.7265709172102692E-004
   2.7294989968840573E-004
   2.7324269018098494E-004
   2.7353546353585287E-004
   2.7382822008737546E-004
   2.7412096016688506E-004
   2.7441368410237402E-004
   2.7470639221821423E-004
   2.7499908483488917E-004
   2.7529176226874123E-004
   2.7558442483173619E-004
   2.7587707283124229E-004
   2.7616970656982266E-004
   2.7646232634504566E-004
   2.7675493244930580E-004
   2.7704752516966198E-004
   2.7734010478768542E-004
   2.7763267157932686E-004
   2.7792522581479009E-004
   2.7821776775842371E-004
   2.7851029766862146E-004
