   2.3921763612756754E-004
   2.3950677989987358E-004
   2.3979614784030772E-004
   2.4008574390352639E-004
   2.4037557052442369E-004
   2.4066562885061645E-004
   2.4095591943176222E-004
   2.4124644257450984E-004
   2.4153719849688218E-004
   2.4182818739010374E-004
   2.4211940944127519E-004
   2.4241086484044400E-004
   2.4270255378189059E-004
   2.4299447646353777E-004
   2.4328663308595061E-004
   2.4357902385141149E-004
   2.4387164896319590E-004
   2.4416450862504676E-004
   2.4445760304080328E-004
   2.4475093241415263E-004
   2.4504449694846456E-004
   2.4533829684668661E-004
   2.4563233231128306E-004
   2.4592660354420164E-004
   2.4622111074685957E-004
   2.4651585412014656E-004
   2.4681083386443277E-004
   2.4710605017958502E-004
   2.4740150326498525E-004
   2.4769719331955140E-004
   2.4799312052682589E-004
   2.4828928507219540E-004
   2.4858568718262640E-004
   2.4888232705532609E-004
   2.4917920488715974E-004
   2.4947632087467822E-004
   2.4977367521414356E-004
   2.5007126810154892E-004
