   2.3892887023803543E-004
   2.3892887023803529E-004
   2.3892887023803535E-004
   2.3892887023803516E-004
   2.3892887023803502E-004
   2.3892887023803516E-004
   2.3892887023803532E-004
   2.3892887023803521E-004
   2.3892887023803527E-004
   2.3892887023803537E-004
   2.3892887023803527E-004
   2.3892887023803521E-004
   2.3892887023803505E-004
   2.3892887023803491E-004
   2.3892887023803489E-004
   2.3892887023803513E-004
   2.3892887023803537E-004
   2.3892887023803567E-004
   2.3892887023803592E-004
   2.3892887023803654E-004
   2.3892887023803711E-004
   2.3892887023803838E-004
   2.3892887023803979E-004
   2.3892887023804158E-004
   2.3892887023804356E-004
   2.3892887023804630E-004
   2.3892887023804933E-004
   2.3892887023805294E-004
   2.3892887023805749E-004
   2.3892887023806272E-004
   2.3892887023806882E-004
   2.3892887023807600E-004
   2.3892887023808443E-004
   2.3892887023809435E-004
   2.3892887023810582E-004
   2.3892887023811918E-004
   2.3892887023813444E-004
   2.3892887023815184E-004
                       NaN
                       NaN
