   2.3901614498446656E-004
   2.3921167725202914E-004
   2.3947346568631595E-004
   2.3975163970785167E-004
   2.4003470215178555E-004
   2.4031984928551167E-004
   2.4060607517929368E-004
   2.4089292600419036E-004
   2.4118016546988263E-004
   2.4146765788304414E-004
   2.4175531956163753E-004
   2.4204309602782970E-004
   2.4233095027915909E-004
   2.4261885631326701E-004
   2.4290679534379655E-004
   2.4319475348337448E-004
   2.4348272026847973E-004
   2.4377068768870506E-004
   2.4405864952950387E-004
