   2.3897831534595059E-004
   2.3901732219832700E-004
   2.3905562701445024E-004
   2.3909324040550427E-004
   2.3913017373720241E-004
   2.3916643894857082E-004
   2.3920204849666788E-004
   2.3923701538918597E-004
   2.3927135324498588E-004
   2.3930507635972859E-004
   2.3933819976764572E-004
   2.3937073929525881E-004
   2.3940271160487650E-004
   2.3943413422657350E-004
   2.3946502557775073E-004
   2.3949540496962719E-004
   2.3952529260025241E-004
   2.3955470953395587E-004
   2.3958367766766019E-004
