   1.0808273658114665E-003
   1.0808280770251339E-003
   1.0808287750847714E-003
   1.0808294611834295E-003
   1.0808301355689964E-003
   1.0808307985406859E-003
   1.0808314504694454E-003
   1.0808320918139810E-003
   1.0808327231318208E-003
   1.0808333450855517E-003
   1.0808339584447502E-003
   1.0808345640843297E-003
   1.0808351629800605E-003
   1.0808357562020364E-003
   1.0808363449068346E-003
   1.0808369303289848E-003
   1.0808375138422171E-003
   1.0808380971294811E-003
   1.0808386816683556E-003
   1.0808392689244893E-003
   1.0808398604036562E-003
   1.0808404576496888E-003
   1.0808410622443320E-003
   1.0808416758094133E-003
   1.0808423000115465E-003
   1.0808429365694247E-003
   1.0808435872638133E-003
   1.0808442539501863E-003
   1.0808449385740224E-003
   1.0808456431885835E-003
   1.0808463699750542E-003
   1.0808471212647869E-003
   1.0808478995633739E-003
   1.0808487075761983E-003
   1.0808495482350728E-003
   1.0808504247254984E-003
   1.0808513405140920E-003
   1.0808522993756256E-003
   1.0808533054191562E-003
   1.0808543631127098E-003
   1.0808554773059438E-003
   1.0808566532503087E-003
   1.0808578966161897E-003
   1.0808592135066696E-003
   1.0808606104675241E-003
   1.0808620944932777E-003
   1.0808636730292149E-003
   1.0808653539693912E-003
   1.0808671456509051E-003
   1.0808690568448378E-003
   1.0808710967444627E-003
   1.0808732749514887E-003
   1.0808756014612634E-003
   1.0808780866478982E-003
   1.0808807412503259E-003
   1.0808835763601605E-003
   1.0808866034120639E-003
   1.0808898341770437E-003
   1.0808932807587679E-003
   1.0808969555926712E-003
   1.0809008714473105E-003
   1.0809050414272447E-003
   1.0809094789765940E-003
   1.0809141978824551E-003
   1.0809192122774008E-003
   1.0809245366404736E-003
   1.0809301857962108E-003
   1.0809361749114018E-003
   1.0809425194894609E-003
   1.0809492353623571E-003
   1.0809563386801849E-003
   1.0809638458984723E-003
   1.0809717737634073E-003
   1.0809801392951599E-003
   1.0809889597694956E-003
   1.0809982526978907E-003
   1.0810080358063378E-003
   1.0810183270130367E-003
   1.0810291444051860E-003
   1.0810405062150043E-003
   1.0810524307952115E-003
   1.0810649365940754E-003
   1.0810780421302200E-003
   1.0810917659673034E-003
   1.0811061266887355E-003
   1.0811211428725309E-003
   1.0811368330664181E-003
   1.0811532157633176E-003
   1.0811703093772968E-003
   1.0811881322200562E-003
   1.0812067024780670E-003
   1.0812260381904035E-003
   1.0812461572273428E-003
   1.0812670772697890E-003
   1.0812888157895669E-003
   1.0813113900306141E-003
   1.0813348169911160E-003
   1.0813591134066062E-003
   1.0813842957340301E-003
   1.0814103801368141E-003
   1.0814373824709143E-003
   1.0814653182718470E-003
   1.0814942027427166E-003
   1.0815240507431954E-003
   1.0815548767794574E-003
   1.0815866949950301E-003
   1.0816195191625526E-003
   1.0816533626763908E-003
   1.0816882385460962E-003
   1.0817241593906424E-003
   1.0817611374334324E-003
   1.0817991844980139E-003
   1.0818383120044621E-003
   1.0818785309663849E-003
   1.0819198519885129E-003
   1.0819622852648186E-003
   1.0820058405771132E-003
   1.0820505272940847E-003
   1.0820963543707260E-003
   1.0821433303481026E-003
   1.0821914633534113E-003
   1.0822407611003001E-003
   1.0822912308893918E-003
   1.0823428796089588E-003
   1.0823957137357427E-003
   1.0824497393358402E-003
   1.0825049620656524E-003
   1.0825613871728354E-003
   1.0826190194972393E-003
   1.0826778634717988E-003
   1.0827379231233428E-003
   1.0827992020733168E-003
   1.0828617035383704E-003
   1.0829254303308233E-003
   1.0829903848589559E-003
   1.0830565691271638E-003
   1.0831239847359094E-003
   1.0831926328815154E-003
   1.0832625143557676E-003
   1.0833336295453420E-003
   1.0834059784310542E-003
   1.0834795605869389E-003
   1.0835543751791883E-003
   1.0836304209649278E-003
   1.0837076962908847E-003
   1.0837861990919591E-003
   1.0838659268896935E-003
   1.0839468767907192E-003
   1.0840290454851699E-003
   1.0841124292451057E-003
