   1.0803523487085017E-003
   1.0803525194505289E-003
   1.0803528032032239E-003
   1.0803532002779624E-003
   1.0803537109903719E-003
   1.0803543356577867E-003
   1.0803550745984321E-003
   1.0803559281311950E-003
   1.0803568965755748E-003
   1.0803579802516855E-003
   1.0803591794802646E-003
   1.0803604945826802E-003
   1.0803619258809383E-003
   1.0803634736976818E-003
   1.0803651383562019E-003
   1.0803669201804255E-003
   1.0803688194949306E-003
   1.0803708366249377E-003
   1.0803729718963150E-003
   1.0803752256355798E-003
   1.0803775981698934E-003
   1.0803800898270708E-003
   1.0803827009355762E-003
   1.0803854318245216E-003
   1.0803882828236714E-003
   1.0803912542634447E-003
   1.0803943464749114E-003
   1.0803975597897958E-003
   1.0804008945404771E-003
   1.0804043510599904E-003
   1.0804079202671622E-003
   1.0804115151091882E-003
   1.0804151143249208E-003
   1.0804187179197680E-003
   1.0804223258991461E-003
   1.0804259382684823E-003
   1.0804295550332153E-003
   1.0804331761987899E-003
                       NaN
                       NaN
