   1.0803849343059822E-003
   1.0804109073758949E-003
   1.0804364346678689E-003
   1.0804615226049986E-003
   1.0804861781241628E-003
   1.0805104085550045E-003
   1.0805342215830479E-003
   1.0805576252698426E-003
   1.0805806280907888E-003
   1.0806032389754205E-003
   1.0806254673440339E-003
   1.0806473231376877E-003
   1.0806688168400560E-003
   1.0806899594902239E-003
   1.0807107626859677E-003
   1.0807312385773666E-003
   1.0807513998509926E-003
   1.0807712597054333E-003
   1.0807908318195402E-003
   1.0808101303156931E-003
   1.0808291697214333E-003
   1.0808479649339101E-003
   1.0808665311925164E-003
   1.0808848840651848E-003
   1.0809030394526786E-003
   1.0809210136125751E-003
   1.0809388232011763E-003
   1.0809564853283713E-003
   1.0809740176189917E-003
   1.0809914382744832E-003
   1.0810087661304827E-003
   1.0810260207078546E-003
   1.0810432222564542E-003
   1.0810603917918700E-003
   1.0810775511259276E-003
   1.0810947228917910E-003
   1.0811119305645051E-003
   1.0811291984776355E-003
   1.0811466336011128E-003
   1.0811646515969551E-003
   1.0811833326376682E-003
   1.0812026830905529E-003
   1.0812227488644977E-003
   1.0812435990576340E-003
   1.0812653141579697E-003
   1.0812879801942691E-003
   1.0813116858617454E-003
   1.0813365210275970E-003
   1.0813625758714690E-003
   1.0813899403196892E-003
   1.0814187036175030E-003
   1.0814489539681341E-003
   1.0814807782061342E-003
   1.0815142614900874E-003
   1.0815494870078188E-003
   1.0815865356909014E-003
   1.0816254859370297E-003
   1.0816664133395748E-003
   1.0817093904240687E-003
   1.0817544863915944E-003
   1.0818017668691663E-003
   1.0818512936673383E-003
   1.0819031245453549E-003
   1.0819573129843001E-003
   1.0820139079687936E-003
   1.0820729537779354E-003
   1.0821344897863428E-003
   1.0821985502762867E-003
   1.0822651642621139E-003
   1.0823343553283218E-003
   1.0824061414828694E-003
   1.0824805350275113E-003
   1.0825575424471534E-003
   1.0826371643204455E-003
   1.0827193952540268E-003
   1.0828042238430230E-003
   1.0828916326605343E-003
   1.0829815982789607E-003
   1.0830740913260277E-003
   1.0831690765783393E-003
   1.0832665130950899E-003
   1.0833663543943120E-003
   1.0834685486735532E-003
   1.0835730390762845E-003
   1.0836797640045746E-003
   1.0837886574775744E-003
   1.0838996495342640E-003
   1.0840126666776331E-003
   1.0841276323561536E-003
   1.0842444674769775E-003
   1.0843630909440076E-003
   1.0844834202127494E-003
   1.0846053718528773E-003
   1.0847288621087816E-003
   1.0848538074480390E-003
   1.0849801250878846E-003
   1.0851077334903209E-003
   1.0852365528174841E-003
   1.0853665053402403E-003
   1.0854975157946259E-003
   1.0856295116825716E-003
   1.0857624235151892E-003
   1.0858961849987874E-003
   1.0860307331653832E-003
   1.0861660084509476E-003
   1.0863019547257215E-003
   1.0864385192817755E-003
   1.0865756527834898E-003
   1.0867133091867925E-003
   1.0868514456329923E-003
   1.0869900223227401E-003
   1.0871290023752892E-003
   1.0872683516776334E-003
   1.0874080387276203E-003
   1.0875480344744500E-003
   1.0876883121594620E-003
   1.0878288471595154E-003
   1.0879696168347647E-003
   1.0881106003822255E-003
   1.0882517786960876E-003
   1.0883931342354390E-003
   1.0885346508997704E-003
   1.0886763139124375E-003
   1.0888181097120407E-003
   1.0889600258515979E-003
   1.0891020509052511E-003
   1.0892441743821876E-003
   1.0893863866474117E-003
   1.0895286788489594E-003
   1.0896710428511709E-003
   1.0898134711735739E-003
   1.0899559569349877E-003
   1.0900984938024504E-003
   1.0902410759445775E-003
   1.0903836979890120E-003
   1.0905263549836010E-003
   1.0906690423609948E-003
   1.0908117559063719E-003
   1.0909544917280158E-003
   1.0910972462304859E-003
   1.0912400160901559E-003
   1.0913827982329050E-003
   1.0915255898137682E-003
   1.0916683881983641E-003
   1.0918111909459511E-003
   1.0919539957939413E-003
   1.0920968006437621E-003
   1.0922396035479348E-003
   1.0923824026982474E-003
   1.0925251964149496E-003
