   1.0803849367940646E-003
   1.0804109675679808E-003
   1.0804367595732937E-003
   1.0804625628472576E-003
   1.0804887903680595E-003
   1.0805159103495043E-003
   1.0805444421913592E-003
   1.0805749678621677E-003
   1.0806081193030018E-003
   1.0806445633088897E-003
   1.0806849839152704E-003
   1.0807300624569708E-003
   1.0807804556050352E-003
   1.0808367718140631E-003
   1.0808995467614733E-003
   1.0809692185620740E-003
   1.0810461038290695E-003
   1.0811303760543311E-003
   1.0812220483022118E-003
   1.0813209627937249E-003
   1.0814267904118873E-003
   1.0815390430983015E-003
   1.0816571009838027E-003
   1.0817802534743408E-003
   1.0819077496901780E-003
   1.0820388501252352E-003
   1.0821728703252094E-003
   1.0823092099090431E-003
   1.0824473651495665E-003
   1.0825869278678429E-003
   1.0827275756237740E-003
   1.0828690580376918E-003
   1.0830111826718599E-003
   1.0831538023431031E-003
   1.0832968045804197E-003
   1.0834401032692850E-003
   1.0835836322164931E-003
   1.0837273402768334E-003
   1.0838713577013890E-003
   1.0840159198674834E-003
   1.0841607707470064E-003
   1.0843057627801438E-003
   1.0844508170400526E-003
   1.0845958895877505E-003
   1.0847409552612775E-003
   1.0848859991915763E-003
   1.0850310123108548E-003
   1.0851759889366364E-003
   1.0853209254381351E-003
   1.0854658194752195E-003
   1.0856106695476904E-003
   1.0857554747179924E-003
   1.0859002344343368E-003
   1.0860449484141387E-003
   1.0861896165650117E-003
   1.0863342389299613E-003
   1.0864788156486130E-003
   1.0866233469293874E-003
   1.0867678330292907E-003
   1.0869122742390880E-003
   1.0870566708723586E-003
   1.0872010232573803E-003
   1.0873453317310942E-003
   1.0874895966346036E-003
   1.0876338183098365E-003
   1.0877779970970675E-003
   1.0879221333331057E-003
   1.0880662273499680E-003
   1.0882102794739371E-003
   1.0883542900249072E-003
   1.0884982593159479E-003
   1.0886421876530367E-003
   1.0887860753349171E-003
   1.0889299226530603E-003
   1.0890737298916886E-003
   1.0892174973278611E-003
   1.0893612252315978E-003
   1.0895049138660289E-003
   1.0896485634875731E-003
   1.0897921743461207E-003
   1.0899357466852327E-003
   1.0900792807423355E-003
   1.0902227767489309E-003
   1.0903662349307935E-003
   1.0905096555081692E-003
   1.0906530386959744E-003
   1.0907963847039846E-003
   1.0909396937370242E-003
   1.0910829659951419E-003
   1.0912262016737903E-003
   1.0913694009639895E-003
   1.0915125640524942E-003
   1.0916556911219454E-003
   1.0917987823510248E-003
   1.0919418379145918E-003
   1.0920848579838286E-003
   1.0922278427263695E-003
   1.0923707923064260E-003
   1.0925137068849115E-003
   1.0926565866195520E-003
   1.0927994316650019E-003
   1.0929422421729498E-003
   1.0930850182922166E-003
   1.0932277601688554E-003
   1.0933704679462436E-003
   1.0935131417651768E-003
   1.0936557817639444E-003
   1.0937983880784186E-003
   1.0939409608421320E-003
   1.0940835001863494E-003
   1.0942260062401434E-003
   1.0943684791304585E-003
   1.0945109189821804E-003
   1.0946533259182012E-003
   1.0947957000594774E-003
   1.0949380415250869E-003
   1.0950803504322876E-003
   1.0952226268965747E-003
   1.0953648710317241E-003
   1.0955070829498498E-003
   1.0956492627614471E-003
   1.0957914105754417E-003
   1.0959335264992352E-003
   1.0960756106387433E-003
   1.0962176630984425E-003
   1.0963596839814033E-003
   1.0965016733893362E-003
   1.0966436314226219E-003
   1.0967855581803518E-003
   1.0969274537603589E-003
   1.0970693182592531E-003
   1.0972111517724519E-003
   1.0973529543942145E-003
   1.0974947262176664E-003
   1.0976364673348329E-003
   1.0977781778366636E-003
   1.0979198578130634E-003
   1.0980615073529140E-003
   1.0982031265441043E-003
   1.0983447154735478E-003
   1.0984862742272122E-003
   1.0986278028901424E-003
   1.0987693015464780E-003
   1.0989107702794802E-003
   1.0990522091715493E-003
   1.0991936183042442E-003
   1.0993349977583050E-003
   1.0994763476136710E-003
   1.0996176679494963E-003
   1.0997589588441737E-003
