   1.0803522906967210E-003
   1.0803522908743261E-003
   1.0803522913918715E-003
   1.0803522924323940E-003
   1.0803522941742780E-003
   1.0803522967925742E-003
   1.0803523004606277E-003
   1.0803523053510035E-003
   1.0803523116358913E-003
   1.0803523194872363E-003
   1.0803523290767655E-003
   1.0803523405759831E-003
   1.0803523541561518E-003
   1.0803523699882891E-003
   1.0803523882431550E-003
   1.0803524090912521E-003
   1.0803524327028255E-003
   1.0803524592478586E-003
   1.0803524888960798E-003
   1.0803525218169596E-003
   1.0803525581797142E-003
   1.0803525981533061E-003
   1.0803526419064491E-003
   1.0803526896076060E-003
   1.0803527414249918E-003
   1.0803527975265775E-003
   1.0803528580800878E-003
   1.0803529232530083E-003
   1.0803529932125835E-003
   1.0803530681258145E-003
   1.0803531481583383E-003
   1.0803532334372286E-003
   1.0803533240427751E-003
   1.0803534200522879E-003
   1.0803535215428944E-003
   1.0803536285915428E-003
   1.0803537412750050E-003
   1.0803538596698729E-003
                       NaN
                       NaN
