   3.2263521252797196E-002
   6.4565383154199796E-002
   9.6890519083986520E-002
  0.12924019260647779     
  0.16161492086362064     
  0.19401492131722334     
  0.22644028667300711     
  0.25889105804727475     
  0.29136725567207239     
  0.32386889172460143     
  0.35639597563963987     
  0.38894851626936799     
  0.42152652272713698     
  0.45413000468662151     
  0.48675897245945599     
  0.51941343698610676     
  0.55209340979550181     
  0.58479890295601022     
  0.61752992902653181     
  0.65028650101082786     
  0.68306863231599624     
  0.71587633671516704     
  0.74870962831427834     
  0.78156852152279221     
  0.81445303102818944     
  0.84736317177403231     
  0.88029895894115961     
  0.91326040793139851     
  0.94624753435310405     
  0.97926035400795364     
   1.0122988828786379     
   1.0453631371172643     
   1.0784531330344680     
   1.1115688870892420     
   1.1447104158794787     
   1.1778777361332393     
   1.2110708647007049     
   1.2442898185467826     
   1.2580488562492027     
   1.2642425563479556     
   1.2694984364389581     
   1.2743100649310453     
   1.2788761940703701     
   1.2832876468447301     
   1.2875880498653138     
   1.2917995893653189     
   1.2959345089551797     
   1.3000003256347239     
   1.3040022245709171     
   1.3079441738221735     
   1.3118294530477139     
   1.3156609113646771     
   1.3194410985688925     
   1.3231723362197894     
   1.3268567595123397     
   1.3304963444611337     
   1.3340929273125448     
   1.3376482195427091     
   1.3411638201200466     
   1.3446412259094327     
   1.3480818407046704     
   1.3514869831822518     
   1.3548578939674607     
   1.3581957419497654     
   1.3615016299509455     
   1.3647765998291799     
   1.3680216370880045     
   1.3712376750478807     
   1.3744255986306384     
   1.3775862477992400     
   1.3807204206907981     
   1.3838288764752305     
   1.3869123379682176     
   1.3899714940238350     
   1.3930070017288789     
   1.3960194884185002     
   1.3990095535307787     
   1.4019777703153200     
   1.4049246874098280     
   1.4078508302967712     
   1.4107567026511674     
   1.4136427875890185     
   1.4165095488253987     
   1.4193574317499265     
   1.4221868644266551     
   1.4249982585247676     
   1.4277920101858776     
   1.4305685008330282     
   1.4333280979261125     
   1.4360711556680013     
   1.4387980156652871     
   1.4415090075470463     
   1.4442044495448898     
   1.4468846490373124     
   1.4495499030608932     
   1.4522004987908834     
   1.4548367139933143     
   1.4574588174508347     
   1.4600670693640438     
   1.4626617217300608     
   1.4652430186999230     
   1.4678111969162819     
   1.4703664858326908     
   1.4729091080157255     
   1.4754392794310409     
   1.4779572097144067     
   1.4804631024286539     
   1.4829571553074874     
   1.4854395604867947     
   1.4879105047244165     
   1.4903701696089524     
   1.4928187317582389     
   1.4952563630081992     
   1.4976832305925196     
   1.5000994973137343     
   1.5025053217062712     
   1.5049008581917704     
   1.5072862572272174     
   1.5096616654462867     
   1.5120272257942633     
   1.5143830776568132     
   1.5167293569831530     
   1.5190661964035743     
   1.5213937253420529     
   1.5237120701238309     
   1.5260213540784739     
   1.5283216976384624     
   1.5306132184337351     
   1.5328960313823834     
   1.5351702487777446     
   1.5374359803709265     
   1.5396933334508709     
   1.5419424129214072     
   1.5441833213749734     
   1.5464161591633216     
   1.5486410244655628     
   1.5508580133535572     
   1.5530672198547608     
   1.5552687360127673     
   1.5574626519454779     
   1.5596490559012348     
   1.5618280343127358     
   1.5639996718490694     
   1.5661640514658464     
   1.5683212544534344     
   1.5704713604836307     
   1.5726144476544903     
   1.5747505925337510     
   1.5768798702006084     
   1.5790023542861542     
