   1.2172468449100609E-005
   3.1066375142927190E-005
   8.5004068086584251E-005
   1.6904485092086863E-004
   2.7968071835245373E-004
   4.1590336379055933E-004
   5.7726166047313617E-004
   7.6351267005718112E-004
   9.7451095543363774E-004
   1.2101594681824352E-003
   1.4703855022676895E-003
   1.7551286081185094E-003
   2.0643345544602899E-003
   2.3979523219683362E-003
   2.7559326079874573E-003
   3.1382270785159138E-003
   3.5447879881169053E-003
   3.9755679809824604E-003
   4.4305199816787313E-003
   4.9095971310007744E-003
   5.4127527456521709E-003
   5.9399402924008061E-003
   6.4911133737500350E-003
   7.0662257252487410E-003
   7.6652312247110317E-003
   8.2880839108869092E-003
   8.9347380052906804E-003
   9.6051479291461711E-003
   1.0299268309962063E-002
   1.1017053977608555E-002
   1.1758459952559003E-002
   1.2523441433983696E-002
   1.3311953787059213E-002
   1.4123952534160286E-002
   1.4959393348634803E-002
   1.5818232050901136E-002
   1.6700424606145351E-002
   1.7605927123059133E-002
                       NaN
                       NaN
