   7.8534235207603093E-006
   7.8444006160228940E-006
   7.8384804713069838E-006
   7.8401577633774194E-006
   7.8581291036862191E-006
   7.9067022425492267E-006
   8.0080731716494056E-006
   8.1898178490979244E-006
   8.4851309534374241E-006
   8.9329218620875480E-006
   9.5777921196603951E-006
   1.0470012212423181E-005
   1.1665263275139166E-005
   1.3223964822399612E-005
   1.5210238156713566E-005
   1.7690710846958775E-005
   2.0733503474635256E-005
   2.4407599925079079E-005
   2.8782737995140635E-005
   3.3929935611685708E-005
   3.9922925765897137E-005
   4.6841233392690964E-005
   5.4776875683492975E-005
   6.3850394831805319E-005
   7.4254309939259693E-005
   8.6375078946353726E-005
   1.0090255819074518E-004
   1.1799413241073962E-004
   1.3717005545353124E-004
   1.5835190668564750E-004
   1.8161373509704770E-004
   2.0704096598230301E-004
   2.3471999301191747E-004
   2.6473691876480865E-004
   2.9717690420597221E-004
   3.3212374185783138E-004
   3.6965954976407426E-004
   4.0986453797173955E-004
   4.5281682937659505E-004
   4.9859230396128134E-004
   5.4726449549719102E-004
   5.9890447668901924E-004
   6.5358072525423217E-004
   7.1135915093998323E-004
   7.7230300032933347E-004
   8.3647281377367583E-004
   9.0392639546451334E-004
   9.7471879345475596E-004
   1.0489022888916539E-003
   1.1265263937997646E-003
