   8.6151611763680213E-006
   8.5997860828278539E-006
   8.5847244965503462E-006
   8.5699736317455379E-006
   8.5555320580200329E-006
   8.5413995304639681E-006
   8.5275769350417276E-006
   8.5140662723275137E-006
   8.5008706428868751E-006
   8.4879942245097801E-006
   8.4754422439688111E-006
   8.4632209481852782E-006
   8.4513375784082636E-006
   8.4398003494596801E-006
   8.4286184350439298E-006
   8.4178019595215336E-006
   8.4073619962047702E-006
   8.3973105719842823E-006
   8.3876606778251750E-006
