   8.6151610639131490E-006
   8.5997851294853786E-006
   8.5847205411285254E-006
   8.5699613596716254E-006
   8.5555014837029984E-006
   8.5413348160062172E-006
   8.5274553367701569E-006
   8.5138571327532027E-006
   8.5005344079037293E-006
   8.4874814863139015E-006
   8.4746928120255822E-006
   8.4621629475593725E-006
   8.4498865719415049E-006
   8.4378584785492234E-006
   8.4260735729079693E-006
   8.4145268704953482E-006
   8.4032134945751840E-006
   8.3921286740711814E-006
   8.3812677414843261E-006
