   7.6363030340364887E-002
   7.5855518033501448E-002
   7.5291777590030362E-002
   7.4681424614005551E-002
   7.4032570368501208E-002
   7.3352088272607960E-002
   7.2645835937324002E-002
   7.1918782016973701E-002
   7.1175164425072601E-002
   7.0418612216339702E-002
   6.9652243232160585E-002
   6.8878745143105852E-002
   6.8100442699952038E-002
   6.7319353525692571E-002
   6.6537234395662323E-002
   6.5755619633478493E-002
   6.4975852982911544E-002
   6.4199114090509504E-002
   6.3426440543963888E-002
   6.2658746251298719E-002
   6.1896836811600228E-002
   6.1141422415371655E-002
   6.0393128718575828E-002
   5.9652506056393738E-002
   5.8920037298911043E-002
   5.8196144601484777E-002
   5.7481195267381636E-002
   5.6775506867706410E-002
   5.6079351615005449E-002
   5.5392960168765208E-002
   5.4716525121728220E-002
   5.4050204173341013E-002
   5.3394123005768172E-002
   5.2748377905269997E-002
   5.2113038166623646E-002
   5.1488148310863721E-002
   5.0873730140539461E-002
   5.0269784651763884E-002
   4.9676293818450123E-002
   4.9093222261031522E-002
   4.8520518809549183E-002
   4.7958117969121222E-002
   4.7405941294338054E-002
   4.6863898678060685E-002
   4.6331889559258516E-002
   4.5809804053923840E-002
   4.5297524012646875E-002
   4.4794924008128387E-002
   4.4301872255691425E-002
   4.3818231469700715E-002
