   7.6841330110363745E-002
   7.6942563793948177E-002
   7.7091498332210920E-002
   7.7276337997020300E-002
   7.7488004933831497E-002
   7.7719371034325371E-002
   7.7964822383485996E-002
   7.8219923141720132E-002
   7.8481157942983673E-002
   7.8745734097361283E-002
   7.9011428716261004E-002
   7.9276469818265485E-002
   7.9539443375866187E-002
   7.9799220334846349E-002
   8.0054899124887835E-002
   8.0305760255135306E-002
   8.0551230364192428E-002
   8.0790853650839614E-002
   8.1024269046545069E-002
   8.1251191911618351E-002
   8.1471399417988366E-002
   8.1684718976504769E-002
   8.1891019109574387E-002
   8.2090202228203166E-002
   8.2282198881853813E-002
   8.2466963157615716E-002
   8.2644468985640138E-002
   8.2814707163591281E-002
   8.2977682952776355E-002
   8.3133414128640601E-002
   8.3281929391776130E-002
   8.3423267064313245E-002
   8.3557474011629815E-002
   8.3684604741455976E-002
   8.3804720642304042E-002
   8.3917889331051265E-002
   8.4024184085893114E-002
   8.4123683346014888E-002
   8.4216470263433457E-002
   8.4302632295746610E-002
   8.4382260831139769E-002
   8.4455450839082777E-002
   8.4522300541775244E-002
   8.4582911102677003E-002
   8.4637386329474637E-002
   8.4685832389576915E-002
   8.4728357536848820E-002
   8.4765071848690990E-002
   8.4796086972932699E-002
   8.4821515884193358E-002
   8.4841472649555688E-002
   8.4856072203468330E-002
   8.4865430131863470E-002
   8.4869662465489965E-002
   8.4868885482483072E-002
   8.4863215520148999E-002
   8.4852768795978251E-002
   8.4837661237845585E-002
   8.4818008323358354E-002
   8.4793924928314141E-002
   8.4765525184195251E-002
   8.4732922344620543E-002
   8.4696228660629064E-002
   8.4655555264661703E-002
   8.4611012063037297E-002
   8.4562707636698334E-002
   8.4510749149958847E-002
   8.4455242266886152E-002
   8.4396291075502755E-002
   8.4333998018162853E-002
   8.4268463829655152E-002
   8.4199787481202076E-002
   8.4128066130695608E-002
   8.4053395078731163E-002
   8.3975867730148715E-002
   8.3895575560795271E-002
   8.3812608089228482E-002
   8.3727052853097630E-002
   8.3638995389950441E-002
   8.3548519222218107E-002
   8.3455705846149683E-002
   8.3360634724472818E-002
   8.3263383282565717E-002
   8.3164026907943236E-002
   8.3062638952859494E-002
   8.2959290739847799E-002
   8.2854051570021944E-002
   8.2746988733975665E-002
   8.2638167525122805E-002
   8.2527651255326281E-002
   8.2415501272688305E-002
   8.2301776981349190E-002
   8.2186535863188526E-002
   8.2069833501297595E-002
   8.1951723605114546E-002
   8.1832258037112846E-002
   8.1711486840947187E-002
   8.1589458270951182E-002
   8.1466218822907513E-002
   8.1341813265989577E-002
   8.1216284675801956E-002
   8.1089674468434708E-002
   8.0962022435457859E-002
   8.0833366779779522E-002
   8.0703744152303136E-002
   8.0573189689305519E-002
   8.0441737050485296E-002
   8.0309418457600520E-002
   8.0176264733648764E-002
   8.0042305342519021E-002
   7.9907568429066281E-002
   7.9772080859538269E-002
   7.9635868262315584E-002
   7.9498955068892957E-002
   7.9361364555061237E-002
   7.9223118882227786E-002
   7.9084239138827769E-002
   7.8944745381776746E-002
   7.8804656677904719E-002
   7.8663991145333387E-002
   7.8522765994739840E-002
   7.8380997570457772E-002
   7.8238701391375481E-002
   7.8095892191572522E-002
   7.7952583960659558E-002
   7.7808789983767460E-002
   7.7664522881141437E-002
   7.7519794647306031E-002
   7.7374616689740605E-002
   7.7228999867039627E-002
   7.7082954526506209E-002
   7.6936490541139921E-002
   7.6789617345984815E-002
   7.6642343973794061E-002
   7.6494679089979117E-002
   7.6346631026801740E-002
   7.6198207816782756E-002
   7.6049417225291682E-002
   7.5900266782281234E-002
   7.5750763813148408E-002
   7.5600915468683416E-002
   7.5450728754090243E-002
   7.5300210557041281E-002
   7.5149367674764753E-002
   7.4998206840122872E-002
   7.4846734746673679E-002
   7.4694958072700962E-002
   7.4542883504191221E-002
   7.4390517756751567E-002
   7.4237867596454607E-002
