   7.6804154110076392E-002
   7.6811009059799346E-002
   7.6827185869237036E-002
   7.6854786131501276E-002
   7.6894843035747604E-002
   7.6947666502006754E-002
   7.7013090015263172E-002
   7.7090640360339691E-002
   7.7179655808167075E-002
   7.7279368241699675E-002
   7.7388959743662125E-002
   7.7507601025792738E-002
   7.7634476928013257E-002
   7.7768802710218396E-002
   7.7909833807625395E-002
   7.8056871018407095E-002
   7.8209262684700964E-002
   7.8366405181447329E-002
   7.8527742576592563E-002
   7.8692765531652636E-002
   7.8861009159906750E-002
   7.9032050034544846E-002
   7.9205502885717968E-002
   7.9381017357179257E-002
   7.9558274955283656E-002
   7.9736986218609404E-002
   7.9916888109306222E-002
   8.0097741621200494E-002
   8.0279329596923812E-002
   8.0461454744062827E-002
   8.0643937838431157E-002
   8.0826616101338608E-002
   8.1009341737038804E-002
   8.1191980616416928E-002
   8.1374411093215346E-002
   8.1556522939640497E-002
   8.1738216388937524E-002
   8.1919401273391729E-002
   8.2099996247133003E-002
   8.2279928084116494E-002
   8.2459131042569994E-002
   8.2637546288101910E-002
   8.2815121368602515E-002
   8.2991809734812821E-002
   8.3167570301211996E-002
   8.3342367042543525E-002
   8.3516168621903156E-002
   8.3688948046861944E-002
   8.3860682350546070E-002
   8.4031352295030962E-002
   8.4200942094735193E-002
   8.4369439157828380E-002
   8.4536833843914416E-002
   8.4703119236518340E-002
   8.4868290929114507E-002
   8.5032346823689098E-002
   8.5195286941009973E-002
   8.5357113242035751E-002
   8.5517829460008118E-002
   8.5677440942922428E-002
   8.5835954506088163E-002
   8.5993378294465087E-002
   8.6149721654416145E-002
   8.6304995014413410E-002
   8.6459209774206305E-002
   8.6612378201900514E-002
   8.6764513338426663E-002
   8.6915628908891693E-002
   8.7065739240372766E-002
   8.7214859185747728E-002
   8.7363004053154697E-002
   8.7510189540840888E-002
   8.7656431677050187E-002
   8.7801746764691144E-002
   8.7946151330524816E-002
   8.8089662078616848E-002
   8.8232295847812198E-002
   8.8374069572990210E-002
   8.8515000249862266E-002
   8.8655104903079027E-002
   8.8794400557420161E-002
   8.8932904211848726E-002
   8.9070632816212858E-002
   8.9207603250386860E-002
   8.9343832305654042E-002
   8.9479336668142090E-002
   8.9614132904135058E-002
   8.9748237447076259E-002
   8.9881666586118514E-002
   9.0014436456053767E-002
   9.0146563028492332E-002
   9.0278062104147377E-002
   9.0408949306111222E-002
   9.0539240073999980E-002
   9.0668949658866474E-002
   9.0798093118783035E-002
   9.0926685315004765E-002
   9.1054740908628876E-002
   9.1182274357684459E-002
   9.1309299914580741E-002
   9.1435831623855657E-002
   9.1561883320168930E-002
   9.1687468626505314E-002
   9.1812600952525816E-002
   9.1937293493055405E-002
   9.2061559226659428E-002
   9.2185410914287003E-002
   9.2308861097965558E-002
   9.2431922099526165E-002
   9.2554606019340666E-002
   9.2676924735072094E-002
   9.2798889900419221E-002
   9.2920512943857461E-002
   9.3041805067375832E-002
   9.3162777245207648E-002
   9.3283440222555039E-002
   9.3403804514320704E-002
   9.3523880403840451E-002
   9.3643677941635306E-002
   9.3763206944185634E-002
   9.3882476992737399E-002
   9.4001497432153205E-002
   9.4120277369811448E-002
   9.4238825674577961E-002
   9.4357150975846765E-002
   9.4475261662672241E-002
   9.4593165882998348E-002
   9.4710871543000341E-002
   9.4828386306544110E-002
   9.4945717594782666E-002
   9.5062872585893035E-002
   9.5179858214962082E-002
   9.5296681174039000E-002
   9.5413347912358573E-002
   9.5529864636734546E-002
   9.5646237312149468E-002
   9.5762471662527215E-002
   9.5878573171706630E-002
   9.5994547084618104E-002
   9.6110398408660522E-002
   9.6226131915291835E-002
   9.6341752141830231E-002
   9.6457263393462195E-002
   9.6572669745468520E-002
   9.6687975045655988E-002
   9.6803182917007041E-002
   9.6918296760528377E-002
   9.7033319758310629E-002
   9.7148254876788548E-002
   9.7263104870195030E-002
