   7.6802700828623463E-002
   7.6802999428721777E-002
   7.6804088973238885E-002
   7.6806612852541478E-002
   7.6811237730829846E-002
   7.6818593564008442E-002
   7.6829242626579239E-002
   7.6843664352162208E-002
   7.6862250291244535E-002
   7.6885307075059056E-002
   7.6913063147016320E-002
   7.6945677291482037E-002
   7.6983247751032408E-002
   7.7025821193962965E-002
   7.7073401107118633E-002
   7.7125955394998252E-002
   7.7183423098510465E-002
   7.7245720229082382E-002
   7.7312744762310481E-002
   7.7384380861606511E-002
   7.7460502414524970E-002
   7.7540975968586515E-002
   7.7625663154324884E-002
   7.7714422687499660E-002
   7.7807112066032677E-002
   7.7903589164905002E-002
   7.8003713946342229E-002
   7.8107348678763622E-002
   7.8214355726120316E-002
   7.8324598654752567E-002
   7.8437943954657766E-002
   7.8554261452679811E-002
   7.8673424439545836E-002
   7.8795309735509397E-002
   7.8919797716906243E-002
   7.9046772313636049E-002
   7.9176120985005163E-002
   7.9307734679667202E-002
   7.9441507784119902E-002
   7.9577338063194225E-002
   7.9715126595178570E-002
   7.9854777703606522E-002
   7.9996198886881406E-002
   8.0139300747285189E-002
   8.0283996919880321E-002
   8.0430204001680494E-002
   8.0577841481507928E-002
   8.0726831670682592E-002
   8.0877099634629898E-002
   8.1028573125386097E-002
