   7.6803011454603776E-002
   7.6803023957445579E-002
   7.6803096365043094E-002
   7.6803328318561667E-002
   7.6803872709830162E-002
   7.6804929376166689E-002
   7.6806735120535374E-002
   7.6809552646065399E-002
   7.6813659874043608E-002
   7.6819340416787132E-002
   7.6826875543770476E-002
   7.6836537717631992E-002
   7.6848585627050395E-002
   7.6863260564950367E-002
   7.6880783967456914E-002
   7.6901355922953898E-002
   7.6925154469098089E-002
   7.6952335510690834E-002
   7.6983033206118212E-002
   7.7017360690240552E-002
   7.7055411029243140E-002
   7.7097258332195301E-002
   7.7142958965028624E-002
   7.7192552822623051E-002
   7.7246064621146512E-002
   7.7303505179728019E-002
   7.7364872667867651E-002
   7.7430153801781393E-002
   7.7499324978535761E-002
   7.7572353341348779E-002
   7.7649197772818701E-002
   7.7729809815420547E-002
   7.7814134520425918E-002
   7.7902111227708973E-002
   7.7993674279757175E-002
   7.8088753673754729E-002
   7.8187275655897837E-002
   7.8289163262211317E-002
   7.8394336810120049E-002
   7.8502714344896959E-002
   7.8614212044943996E-002
   7.8728744589614819E-002
   7.8846225493041378E-002
   7.8966567407160598E-002
   7.9089682396859790E-002
   7.9215482189898351E-002
   7.9343878403989571E-002
   7.9474782753188769E-002
   7.9608107235491082E-002
   7.9743764303301559E-002
   7.9881667018253444E-002
   8.0021729191643590E-002
   8.0163865511587773E-002
   8.0307991657871031E-002
   8.0454024405365920E-002
   8.0601881716845625E-002
   8.0751482826004667E-002
   8.0902748311515407E-002
   8.1055600162965383E-002
   8.1209961839505782E-002
   8.1365758321998605E-002
   8.1522916159335615E-002
   8.1681363509484933E-002
   8.1841030175664659E-002
   8.2001847637937622E-002
   8.2163749080408882E-002
   8.2326669414181652E-002
   8.2490545296184617E-002
   8.2655315144000971E-002
   8.2820919146840963E-002
   8.2987299272823584E-002
   8.3154399272735519E-002
   8.3322164680484881E-002
   8.3490542810430016E-002
   8.3659482751803682E-002
   8.3828935360431109E-002
   8.3998853247945524E-002
   8.4169190768693308E-002
   8.4339904004510816E-002
   8.4510950747559613E-002
   8.4682290481371311E-002
   8.4853884360278783E-002
   8.5025695187364386E-002
   8.5197687391082452E-002
   8.5369827000672319E-002
   8.5542081620498700E-002
   8.5714420403427277E-002
   8.5886814023344762E-002
   8.6059234646928717E-002
   8.6231655904759910E-002
   8.6404052861864492E-002
   8.6576401987768642E-002
   8.6748681126142979E-002
   8.6920869464107597E-002
   8.7092947501260592E-002
   8.7264897018491244E-002
   8.7436701046639934E-002
   8.7608343835042318E-002
   8.7779810820019191E-002
   8.7951088593341872E-002
   8.8122164870724246E-002
   8.8293028460365935E-002
   8.8463669231586883E-002
   8.8634078083577955E-002
   8.8804246914296420E-002
   8.8974168589531485E-002
   8.9143836912155106E-002
   8.9313246591584183E-002
   8.9482393213470110E-002
   8.9651273209632842E-002
   8.9819883828246239E-002
   8.9988223104298326E-002
   9.0156289830329542E-002
   9.0324083527469096E-002
   9.0491604416765486E-002
   9.0658853390833377E-002
   9.0825831985819686E-002
   9.0992542353694708E-002
   9.1158987234880029E-002
   9.1325169931216588E-002
   9.1491094279284493E-002
   9.1656764624070797E-002
   9.1822185793007619E-002
   9.1987363070371017E-002
   9.2152302172056777E-002
   9.2317009220736879E-002
   9.2481490721403159E-002
   9.2645753537297870E-002
   9.2809804866253856E-002
   9.2973652217430980E-002
   9.3137303388471329E-002
   9.3300766443070740E-002
   9.3464049688974510E-002
   9.3627161656408706E-002
   9.3790111076949623E-002
   9.3952906862837526E-002
   9.4115558086745710E-002
   9.4278073962003883E-002
   9.4440463823297960E-002
   9.4602737107829890E-002
   9.4764903336965009E-002
   9.4926972098362788E-002
   9.5088953028597142E-002
   9.5250855796279718E-002
   9.5412690085679208E-002
   9.5574465580852155E-002
   9.5736191950290997E-002
   9.5897878832084157E-002
   9.6059535819601916E-002
   9.6221172447707962E-002
