   1.0460457909346556E-005
   2.0600040360234231E-005
   3.0424420941756985E-005
   3.9943969775379345E-005
   4.9168942565017025E-005
   5.8109323748583323E-005
   6.6774737138246474E-005
   7.5174399900185390E-005
   8.3317105438917893E-005
   9.1211225231294828E-005
   9.8864722738999677E-005
   1.0628517464830954E-004
   1.1347979615887907E-004
   1.2045546807414362E-004
   1.2721876417162985E-004
   1.3377597784403492E-004
   1.4013314736384568E-004
   1.4629607937804360E-004
   1.5227037041547919E-004
   1.5806142631256029E-004
   1.6367447955341444E-004
   1.6911460458719736E-004
   1.7438673123171784E-004
   1.7949565628587309E-004
   1.8444605350067094E-004
   1.8924248204688733E-004
   1.9388939362855885E-004
   1.9839113838631656E-004
   2.0275196973099294E-004
   2.0697604824198806E-004
   2.1106744475769519E-004
   2.1503014277711956E-004
   2.1886804028308459E-004
   2.2258495108836164E-004
   2.2618460579682659E-004
   2.2967065246258907E-004
   2.3304665702100988E-004
   2.3631610355678170E-004
   2.3948239446586441E-004
   2.4254885056012695E-004
   2.4551871115605491E-004
   2.4839513418196588E-004
   2.5118119633178910E-004
   2.5387989328765358E-004
   2.5649414002828006E-004
   2.5902677123553993E-004
   2.6148054180740176E-004
   2.6385812748195366E-004
   2.6616212557409129E-004
   2.6839505582392360E-004
   2.7055936135376134E-004
   2.7265740972887365E-004
   2.7469149411578201E-004
   2.7666383453086316E-004
   2.7857657917125913E-004
   2.8043180581961382E-004
   2.8223152331388688E-004
   2.8397767307339664E-004
   2.8567213067230647E-004
   2.8731670745201307E-004
   2.8891315216413461E-004
   2.9046315263621684E-004
   2.9196833745272319E-004
   2.9343027764432210E-004
   2.9485048837904189E-004
   2.9623043064933848E-004
   2.9757151294967682E-004
   2.9887509293971331E-004
   3.0014247908932164E-004
   3.0137493229917729E-004
   3.0257366749814708E-004
   3.0373985520934055E-004
   3.0487462308574517E-004
   3.0597905741198056E-004
   3.0705420457068880E-004
   3.0810107247208825E-004
   3.0912063194559044E-004
   3.1011381809264066E-004
   3.1108153160021849E-004
   3.1202464001466420E-004
   3.1294397897567395E-004
   3.1384035341054927E-004
   3.1471453868889488E-004
   3.1556728173813239E-004
   3.1639930212031388E-004
   3.1721129307082777E-004
   3.1800392249968631E-004
   3.1877783395613696E-004
   3.1953364755745502E-004
   3.2027196088277445E-004
   3.2099334983287610E-004
   3.2169836945691583E-004
   3.2238755474703307E-004
   3.2306142140186385E-004
   3.2372046655995213E-004
   3.2436516950407214E-004
   3.2499599233746021E-004
   3.2561338063298080E-004
   3.2621776405619539E-004
   3.2680955696332443E-004
   3.2738915897506893E-004
   3.2795695552723802E-004
   3.2851331839909751E-004
   3.2905860622035242E-004
   3.2959316495764014E-004
   3.3011732838138962E-004
   3.3063141851387157E-004
   3.3113574605925429E-004
   3.3163061081639201E-004
   3.3211630207524132E-004
   3.3259309899746019E-004
   3.3306127098188298E-004
   3.3352107801571182E-004
   3.3397277101192198E-004
   3.3441659213354720E-004
   3.3485277510543373E-004
   3.3528154551400413E-004
   3.3570312109561039E-004
   3.3611771201396106E-004
   3.3652552112713559E-004
   3.3692674424463714E-004
   3.3732157037495334E-004
   3.3771018196402920E-004
   3.3809275512507267E-004
   3.3846945986007346E-004
   3.3884046027339272E-004
   3.3920591477778589E-004
   3.3956597629317402E-004
   3.3992079243847661E-004
   3.4027050571681542E-004
   3.4061525369434234E-004
   3.4095516917297927E-004
   3.4129038035731618E-004
   3.4162101101588153E-004
   3.4194718063704324E-004
   3.4226900457972394E-004
   3.4258659421913714E-004
   3.4290005708773660E-004
   3.4320949701155954E-004
   3.4351501424211695E-004
   3.4381670558401080E-004
   3.4411466451840321E-004
   3.4440898132250940E-004
   3.4469974318522274E-004
   3.4498703431901095E-004
   3.4527093606821134E-004
   3.4555152701382780E-004
   3.4582888307493713E-004
   3.4610307760682207E-004
   3.4637418149592868E-004
