   4.8577273108507835E-009
   1.1666694085152195E-008
  -5.8252903855881587E-009
   5.7683934992287829E-008
   9.9984997702131412E-008
   1.6080901412243575E-007
   2.4438931086493257E-007
   3.4868126181255319E-007
   4.7458436024100453E-007
   6.2280107059623185E-007
   7.9387568919406715E-007
   9.8822745501693651E-007
   1.2061763265362605E-006
   1.4479628032868971E-006
   1.7137630740772832E-006
   2.0037005463289699E-006
   2.3178545936649033E-006
   2.6562671766221341E-006
   3.0189478451309041E-006
   3.4058775161246702E-006
   3.8170113294981578E-006
   4.2522808153955579E-006
   4.7115955511254621E-006
   5.1948444432092351E-006
   5.7018967357843535E-006
   6.2326028163412657E-006
   6.7867948536610277E-006
   7.3642872788541037E-006
   7.9648773197218620E-006
   8.5883457337775510E-006
   9.2344574281316598E-006
   9.9029619803798566E-006
   1.0593594158745221E-005
   1.1306074460184112E-005
   1.2040109669938934E-005
   1.2795393443629995E-005
   1.3571606911643327E-005
   1.4368419304637229E-005
   1.5185488598336250E-005
   1.6022462175335783E-005
   1.6878977501351442E-005
   1.7754662813172030E-005
   1.8649137815494508E-005
   1.9562014383854015E-005
   2.0492897270819019E-005
   2.1441384812760856E-005
   2.2407069634621952E-005
   2.3389539350232386E-005
   2.4388377255875123E-005
   2.5403163014960631E-005
