   3.7234040467733213E-009
   3.7232521590696948E-009
   3.7236660731891302E-009
   3.7257814563414581E-009
   3.7318105729714110E-009
   3.7452560400124669E-009
   3.7710350105642916E-009
   3.8156194714196504E-009
   3.8872815286409284E-009
   3.9965776474249813E-009
   4.1572458979892003E-009
   4.3877496456990262E-009
   4.7137736618851352E-009
   5.1719902854476424E-009
   5.8150908217183304E-009
   6.7167740834279681E-009
   7.9725244778615005E-009
   9.6899308324553781E-009
   1.1968610606599652E-008
   1.4883643605807716E-008
   1.8485447185810620E-008
   2.2810802849767862E-008
   2.7893116657265897E-008
   3.3767565081599619E-008
   4.0472510092601404E-008
   4.8049251186369317E-008
   5.6541290643394662E-008
   6.5993583317317625E-008
   7.6451908343687217E-008
   8.7962376180517893E-008
   1.0057104863960294E-007
   1.1432364500244109E-007
   1.2926531169272319E-007
   1.4544043866790931E-007
   1.6289251050958055E-007
   1.8166398378468645E-007
   2.0179618479308020E-007
   2.2332922357643055E-007
   2.4630192138112370E-007
   2.7075174928420788E-007
   2.9671477564077526E-007
   3.2422562423141035E-007
   3.5331743836658957E-007
   3.8402185247838501E-007
   4.1636897018708055E-007
   4.5038734834096667E-007
   4.8610398661765923E-007
   5.2354432231934910E-007
   5.6273223002621509E-007
   6.0369002579589149E-007
   6.4643847561509053E-007
   6.9099680782435490E-007
   7.3738272924962310E-007
   7.8561244478587312E-007
   8.3570068018878017E-007
   8.8766070784040848E-007
   9.4150437526406940E-007
   9.9724213617196666E-007
   1.0548830838359588E-006
   1.1144349865778232E-006
   1.1759043251803892E-006
   1.2392963320257064E-006
   1.3046150317716449E-006
   1.3718632833842731E-006
   1.4410428233508049E-006
   1.5121543099056742E-006
   1.5851973681111907E-006
   1.6601706356425097E-006
   1.7370718091377072E-006
   1.8158976909814212E-006
   1.8966442363857131E-006
   1.9793066006658569E-006
   2.0638791865884977E-006
   2.1503556916880479E-006
   2.2387291554498489E-006
   2.3289920062635861E-006
   2.4211361080550005E-006
   2.5151528065084948E-006
   2.6110329747971542E-006
   2.7087670587410716E-006
   2.8083451213187393E-006
   2.9097568864601445E-006
   3.0129917820540016E-006
   3.1180389821052983E-006
   3.2248874479827993E-006
   3.3335259687001431E-006
   3.4439432001771432E-006
   3.5561277034315780E-006
   3.6700679816553824E-006
   3.7857525161319859E-006
   3.9031698009552540E-006
   4.0223083765133692E-006
   4.1431568617045676E-006
   4.2657039848543705E-006
   4.3899386133074182E-006
   4.5158497816697363E-006
   4.6434267186805978E-006
   4.7726588726957833E-006
   4.9035359357674129E-006
   5.0360478663079841E-006
   5.1701849103293287E-006
   5.3059376212499563E-006
   5.4432968782670677E-006
   5.5822539032921866E-006
   5.7228002764520702E-006
   5.8649279501589198E-006
   6.0086292617569473E-006
   6.1538969447545475E-006
   6.3007241386536720E-006
   6.4491043973906799E-006
   6.5990316964049745E-006
   6.7505004383542649E-006
   6.9035054574970921E-006
   7.0580420227659399E-006
   7.2141058395556763E-006
   7.3716930502542997E-006
   7.5308002335448525E-006
   7.6914244025093785E-006
   7.8535630015667934E-006
   8.0172139022791134E-006
   8.1823753980612885E-006
   8.3490461974751150E-006
   8.5172254182881598E-006
   8.6869125769699693E-006
   8.8581075808374919E-006
   9.0308107175016356E-006
   9.2050226438183652E-006
   9.3807443740265207E-006
   9.5579772671174941E-006
   9.7367230134809587E-006
   9.9169836208729212E-006
   1.0098761399751305E-005
   1.0282058948026364E-005
   1.0466879135271848E-005
   1.0653225086443712E-005
   1.0841100165153998E-005
   1.1030507956545606E-005
   1.1221452249815352E-005
   1.1413937020431679E-005
   1.1607966412092737E-005
   1.1803544718471264E-005
   1.2000676364790700E-005
   1.2199365889277621E-005
   1.2399617924534472E-005
   1.2601437178875578E-005
   1.2804828417669108E-005
   1.3009796444726161E-005
   1.3216346083777962E-005
   1.3424482160079976E-005
   1.3634209482182474E-005
