   3.7117322167208194E-009
   3.7117322167208736E-009
   3.7117322167212748E-009
   3.7117322167226690E-009
   3.7117322167259864E-009
   3.7117322167324136E-009
   3.7117322167433812E-009
   3.7117322167605745E-009
   3.7117322167859330E-009
   3.7117322168216444E-009
   3.7117322168701656E-009
   3.7117322169342109E-009
   3.7117322170167540E-009
   3.7117322171210305E-009
   3.7117322172505446E-009
   3.7117322174090560E-009
   3.7117322176005955E-009
   3.7117322178294515E-009
   3.7117322181001766E-009
   3.7117322184175935E-009
   3.7117322187867927E-009
   3.7117322192131162E-009
   3.7117322197021979E-009
   3.7117322202599208E-009
   3.7117322208924414E-009
   3.7117322216061862E-009
   3.7117322224078482E-009
   3.7117322233043942E-009
   3.7117322243030559E-009
   3.7117322254113435E-009
   3.7117322266370354E-009
   3.7117322279881865E-009
   3.7117322294731147E-009
   3.7117322311004172E-009
   3.7117322328789642E-009
   3.7117322348178984E-009
   3.7117322369266357E-009
   3.7117322392148728E-009
                       NaN
                       NaN
