   4.1030630338358575E-009
   4.0957281533165328E-009
   4.0885421585264594E-009
   4.0815021970496146E-009
   4.0746053399139899E-009
   4.0678486609597686E-009
   4.0612292717264590E-009
   4.0547443353267731E-009
   4.0483910714748840E-009
   4.0421667578586221E-009
   4.0360687300113609E-009
   4.0300943805762034E-009
   4.0242411583319034E-009
   4.0185065671334873E-009
   4.0128881648310192E-009
   4.0073835621927636E-009
   4.0019904218437227E-009
   3.9967064572241191E-009
   3.9915294315697261E-009
   3.9864571569148099E-009
   3.9814874931178458E-009
   3.9766183469098540E-009
   3.9718476709648630E-009
   3.9671734629916366E-009
   3.9625937648456355E-009
   3.9581066616597732E-009
   3.9537102809927458E-009
   3.9494027919937855E-009
   3.9451824045829985E-009
   3.9410473686468295E-009
   3.9369959732482886E-009
   3.9330265458518263E-009
   3.9291374515627162E-009
   3.9253270923809515E-009
   3.9215939064696136E-009
   3.9179363674376542E-009
   3.9143529836370717E-009
   3.9108422974743889E-009
                       NaN
                       NaN
