   1.0569350751803636E-003
   1.0716754071781365E-003
   1.0860524713952116E-003
   1.1000960748021459E-003
   1.1138302369148145E-003
   1.1272758759070848E-003
   1.1404515565082830E-003
   1.1533739057322991E-003
   1.1660579059417470E-003
   1.1785171224925064E-003
   1.1907638879861918E-003
   1.2028094551823851E-003
   1.2146641255855229E-003
   1.2263373586450588E-003
   1.2378378652192518E-003
   1.2491736879733969E-003
   1.2603522710240916E-003
   1.2713805204715219E-003
   1.2822648572763315E-003
