   1.0078718233106213E-003
   1.0296577329015153E-003
   1.0384188090005124E-003
   1.0412670903622062E-003
   1.0427853129487284E-003
   1.0438696194214857E-003
   1.0447752015899855E-003
   1.0455970303338740E-003
   1.0463770891289000E-003
   1.0471363615719167E-003
   1.0478862741402537E-003
   1.0486334889939115E-003
   1.0493821003174013E-003
   1.0501347318562716E-003
   1.0508931226662665E-003
   1.0516584571130772E-003
   1.0524315594086001E-003
   1.0532130127943273E-003
   1.0540032350204048E-003
