   9.9547439158105826E-004
   9.9549586587761862E-004
   9.9551542777112710E-004
   9.9553490385563569E-004
   9.9555888850397733E-004
   9.9559507312141533E-004
   9.9565101044557991E-004
   9.9574075640252628E-004
   9.9588432404605046E-004
   9.9610691695024042E-004
   9.9643808191584183E-004
   9.9691061013449148E-004
   9.9755973675868886E-004
   9.9842306073972815E-004
   9.9954116310591121E-004
   1.0009585719080334E-003
   1.0027244439417429E-003
   1.0048925430078805E-003
   1.0075201890963846E-003
   1.0106658502424409E-003
   1.0143846661491802E-003
   1.0187201063484815E-003
   1.0236870207373959E-003
   1.0292325611027228E-003
   1.0351324312323305E-003
   1.0407004515362338E-003
   1.0444815637318527E-003
   1.0462060468556819E-003
   1.0473250029599233E-003
   1.0483138770382406E-003
   1.0492278419305576E-003
   1.0500864064949651E-003
   1.0509024906459499E-003
   1.0516853262580723E-003
   1.0524417551476873E-003
   1.0531769806682459E-003
   1.0538950387124746E-003
   1.0545991117285331E-003
   1.0552917317192122E-003
   1.0559749510363758E-003
   1.0566504176137313E-003
   1.0573194479683986E-003
   1.0579832864264693E-003
   1.0586428731621002E-003
   1.0592989927426240E-003
   1.0599523086083967E-003
   1.0606033844379362E-003
   1.0612527012817537E-003
   1.0619006713846670E-003
   1.0625476493999024E-003
