   9.9564646189717544E-004
   9.9564665084283621E-004
   9.9564694366693365E-004
   9.9564733688154339E-004
   9.9564787955675068E-004
   9.9564861949714457E-004
   9.9564960401301141E-004
   9.9565088430950089E-004
   9.9565252335888886E-004
   9.9565459446105385E-004
   9.9565719853357895E-004
   9.9566054215242776E-004
   9.9566487589370137E-004
   9.9567054215756552E-004
   9.9567799929217585E-004
   9.9568784628427192E-004
   9.9570084944030886E-004
   9.9571797110622876E-004
   9.9574039814985115E-004
   9.9576956472486526E-004
   9.9580716534141919E-004
   9.9585516070064433E-004
   9.9591578117869789E-004
   9.9599152984393815E-004
   9.9608518420201786E-004
   9.9619979531210732E-004
   9.9633868325913182E-004
   9.9650542832059748E-004
   9.9670385735223786E-004
   9.9693802497954269E-004
   9.9721218917869412E-004
   9.9753078079184735E-004
   9.9789836646200255E-004
   9.9831960439757833E-004
   9.9879919228912329E-004
   9.9934180660401833E-004
   9.9995203238627912E-004
   1.0006342825997683E-003
   1.0013927059948466E-003
   1.0022310824836030E-003
   1.0031527051274263E-003
   1.0041602481446125E-003
   1.0052556209386746E-003
   1.0064398091590794E-003
   1.0077127054004178E-003
   1.0090729344959192E-003
   1.0105176816107364E-003
   1.0120425355227209E-003
   1.0136413643833261E-003
   1.0153062462472716E-003
   1.0170274805130521E-003
   1.0187937072214681E-003
   1.0205921565671248E-003
   1.0224090389273999E-003
   1.0242300656996665E-003
   1.0260410657187055E-003
   1.0278286370372619E-003
   1.0295807577475780E-003
   1.0312872796158507E-003
   1.0329402468614237E-003
   1.0345340146393808E-003
   1.0360651775916710E-003
   1.0375323475683169E-003
   1.0389358347114032E-003
   1.0402772868842265E-003
   1.0415593328328618E-003
   1.0427852600855679E-003
   1.0439587442170584E-003
   1.0450836345676270E-003
   1.0461637937563386E-003
   1.0472029840572843E-003
   1.0482047920548794E-003
   1.0491725830190281E-003
   1.0501094773711145E-003
   1.0510183429088651E-003
   1.0519017977954125E-003
   1.0527622205255256E-003
   1.0536017640915927E-003
   1.0544223723737193E-003
   1.0552257973915060E-003
   1.0560136165104618E-003
   1.0567872490259158E-003
   1.0575479717808110E-003
   1.0582969336354606E-003
   1.0590351687163927E-003
   1.0597636084428302E-003
   1.0604830923740913E-003
   1.0611943779475928E-003
   1.0618981491908950E-003
   1.0625950244966774E-003
   1.0632855635496089E-003
   1.0639702734907518E-003
   1.0646496143999031E-003
   1.0653240041700455E-003
   1.0659938228414414E-003
   1.0666594164563433E-003
   1.0673211004889249E-003
   1.0679791628991331E-003
   1.0686338668537253E-003
   1.0692854531527977E-003
   1.0699341423956613E-003
   1.0705801369159690E-003
   1.0712236225124223E-003
   1.0718647699983173E-003
   1.0725037365903801E-003
   1.0731406671549240E-003
   1.0737756953272388E-003
   1.0744089445182197E-003
   1.0750405288206086E-003
   1.0756705538257610E-003
   1.0762991173605819E-003
   1.0769263101531726E-003
   1.0775522164347194E-003
   1.0781769144843241E-003
   1.0788004771227031E-003
   1.0794229721600072E-003
   1.0800444628024622E-003
   1.0806650080219624E-003
   1.0812846628923394E-003
   1.0819034788956032E-003
   1.0825215042010936E-003
   1.0831387839201779E-003
   1.0837553603174107E-003
   1.0843712730754219E-003
   1.0849865594619310E-003
   1.0856012544286466E-003
   1.0862153909890232E-003
   1.0868290001520124E-003
   1.0874421111368463E-003
   1.0880547514992077E-003
   1.0886669472472020E-003
   1.0892787229480575E-003
   1.0898901018263477E-003
   1.0905011058544877E-003
   1.0911117558361602E-003
   1.0917220714832803E-003
   1.0923320714870486E-003
   1.0929417735835853E-003
   1.0935511946145993E-003
   1.0941603505835017E-003
   1.0947692567073427E-003
   1.0953779274649100E-003
   1.0959863766412930E-003
   1.0965946173692055E-003
   1.0972026621673227E-003
   1.0978105229758695E-003
   1.0984182111896743E-003
   1.0990257376888850E-003
   1.0996331128675387E-003
   1.1002403466601378E-003
