   1.0000483203714112E-003
   1.0000512362738137E-003
   1.0000540146590034E-003
   1.0000566603381384E-003
   1.0000591780190706E-003
   1.0000615722768719E-003
   1.0000638475446777E-003
   1.0000660081137143E-003
   1.0000680581370330E-003
   1.0000700016346343E-003
   1.0000718424990787E-003
   1.0000735845011887E-003
   1.0000752312957170E-003
   1.0000767864269131E-003
   1.0000782533339740E-003
   1.0000796353563687E-003
   1.0000809357390446E-003
   1.0000821576375113E-003
   1.0000833041228026E-003
   1.0000843781863221E-003
   1.0000853827445803E-003
   1.0000863206438050E-003
   1.0000871946644512E-003
   1.0000880075255898E-003
   1.0000887618891916E-003
   1.0000894603642938E-003
   1.0000901055110597E-003
   1.0000906998447383E-003
   1.0000912458395191E-003
   1.0000917459322967E-003
   1.0000922025263424E-003
   1.0000926179948920E-003
   1.0000929946846469E-003
   1.0000933349192025E-003
   1.0000936410023815E-003
   1.0000939152215063E-003
   1.0000941598505887E-003
   1.0000943771534473E-003
   1.0000945743105815E-003
   1.0000947894572394E-003
   1.0000950355184236E-003
   1.0000953094819976E-003
   1.0000956113657880E-003
   1.0000959439897647E-003
   1.0000963118018892E-003
   1.0000967201937848E-003
   1.0000971751237347E-003
   1.0000976829060723E-003
   1.0000982500922380E-003
   1.0000988834030933E-003
   1.0000995896900830E-003
   1.0001003759126281E-003
   1.0001012491246738E-003
   1.0001022164664104E-003
   1.0001032851589377E-003
   1.0001044625006386E-003
   1.0001057558645414E-003
   1.0001071726963076E-003
   1.0001087205126053E-003
   1.0001104068997483E-003
   1.0001122395125270E-003
   1.0001142260731765E-003
   1.0001163743704718E-003
   1.0001186922589031E-003
   1.0001211876579401E-003
   1.0001238685513588E-003
   1.0001267429866323E-003
   1.0001298190743676E-003
   1.0001331049877818E-003
   1.0001366089622157E-003
   1.0001403392946781E-003
   1.0001443043434054E-003
   1.0001485125274367E-003
   1.0001529723261959E-003
   1.0001576922790787E-003
   1.0001626809850324E-003
   1.0001679471021271E-003
   1.0001734993471008E-003
   1.0001793464948961E-003
   1.0001854973781556E-003
   1.0001919608866906E-003
   1.0001987459669103E-003
   1.0002058616212081E-003
   1.0002133169073036E-003
   1.0002211209375320E-003
   1.0002292828780919E-003
   1.0002378119482343E-003
   1.0002467174194149E-003
   1.0002560086143902E-003
   1.0002656949062779E-003
   1.0002757857175784E-003
   1.0002862905191690E-003
   1.0002972188292829E-003
   1.0003085802124663E-003
   1.0003203842785429E-003
   1.0003326406815847E-003
   1.0003453591189036E-003
   1.0003585493300784E-003
   1.0003722210960096E-003
   1.0003863842380364E-003
   1.0004010486171029E-003
   1.0004162241329887E-003
   1.0004319207236000E-003
   1.0004481483643405E-003
   1.0004649170675408E-003
   1.0004822368819618E-003
   1.0005001178923683E-003
   1.0005185702191600E-003
   1.0005376040180698E-003
   1.0005572294799125E-003
   1.0005774568303937E-003
   1.0005982963299531E-003
   1.0006197582736597E-003
   1.0006418529911404E-003
   1.0006645908465360E-003
   1.0006879822384881E-003
   1.0007120376001519E-003
   1.0007367673992211E-003
   1.0007621821379767E-003
   1.0007882923533380E-003
   1.0008151086169338E-003
   1.0008426415351816E-003
   1.0008709017493601E-003
   1.0008998999357017E-003
   1.0009296468054770E-003
   1.0009601569710416E-003
   1.0009914464545297E-003
   1.0010235176622425E-003
   1.0010563393419963E-003
   1.0010899471295960E-003
   1.0011243666781875E-003
   1.0011596103840228E-003
   1.0011956894195719E-003
   1.0012326148421528E-003
   1.0012703977267305E-003
   1.0013090491818840E-003
   1.0013485803517979E-003
   1.0013890024165753E-003
   1.0014303265923551E-003
   1.0014725641313920E-003
   1.0015157263221519E-003
   1.0015598244893776E-003
   1.0016048699941801E-003
   1.0016508742341100E-003
   1.0016978486432305E-003
   1.0017458046921938E-003
   1.0017947538883108E-003
   1.0018447077756183E-003
   1.0018956779349524E-003
   1.0019476759840081E-003
