   5.8689976254608868E-009
   3.0104012856337408E-009
   2.0582184247958711E-009
   1.5824310241176826E-009
   1.2971622512065525E-009
   1.1071397323885651E-009
   9.7153851671339363E-010
   8.6994875372014057E-010
   7.9103301250470742E-010
   7.2798962860317028E-010
   6.7649074816383941E-010
   6.3365142367728135E-010
   5.9747455122555587E-010
   5.6653371545324195E-010
   5.3978291187543487E-010
   5.1643763378960919E-010
   4.9589793594778367E-010
   4.7769714910891848E-010
   4.6146679407036258E-010
   4.4691202460480416E-010
   4.3379408911171957E-010
   4.2191629498945972E-010
   4.1111982796585249E-010
   4.0126863191720479E-010
   3.9224954272506012E-010
   3.8396674406104779E-010
   3.7633855557974431E-010
   3.6929490982794258E-010
   3.6277535155156152E-010
   3.5672743744298759E-010
   3.5110544585215947E-010
   3.4586932861011424E-010
   3.4098385356762929E-010
   3.3641789854933191E-010
   3.3214386641011465E-010
   3.2813719762009085E-010
   3.2437596190421352E-010
   3.2084051435443585E-010
   3.1751320442580232E-010
   3.1437812854766363E-010
   3.1142091889171861E-010
   3.0862856226095680E-010
   3.0598924418814879E-010
   3.0349221422698772E-010
   3.0112766913444667E-010
   2.9888665121823842E-010
   2.9676095958840119E-010
   2.9474307242976543E-010
   2.9282607872039546E-010
   2.9100361807376175E-010
   2.8926982759045968E-010
   2.8761929477717719E-010
   2.8604701573332958E-010
   2.8454835792452386E-010
   2.8311902696136921E-010
   2.8175503688540536E-010
   2.8045268353400079E-010
   2.7920852061523542E-010
   2.7801933817389410E-010
   2.7688214317218192E-010
   2.7579414194508318E-010
   2.7475272432118131E-010
   2.7375544922627572E-010
   2.7280003160992437E-010
   2.7188433055459684E-010
   2.7100633844407643E-010
   2.7016417108239141E-010
   2.6935614745121200E-010
   2.6858033753249038E-010
   2.6783544258607682E-010
   2.6711990037301288E-010
   2.6643232270756328E-010
   2.6577140081894498E-010
   2.6513589996396565E-010
   2.6452465446385900E-010
   2.6393656312720888E-010
   2.6337058502469477E-010
   2.6282573558484651E-010
   2.6230108298305298E-010
   2.6179574479876100E-010
   2.6130888491826111E-010
   2.6083971066255322E-010
   2.6038747012176297E-010
   2.5995144967926332E-010
   2.5953097171021738E-010
   2.5912539244063760E-010
   2.5873409995428954E-010
   2.5835651233591870E-010
   2.5799207594023614E-010
   2.5764026377705823E-010
   2.5730057400379884E-010
   2.5697252851723139E-010
   2.5665567163716426E-010
   2.5634956887523351E-010
   2.5605380578260080E-010
   2.5576798687083429E-010
   2.5549173460072384E-010
   2.5522468843417531E-010
   2.5496650394473865E-010
   2.5471685198265045E-010
   2.5447541789059964E-010
   2.5424190076670676E-010
   2.5401601277148987E-010
   2.5379747847581564E-010
   2.5358603424706745E-010
   2.5338142767096619E-010
   2.5318341700666868E-010
   2.5299177067293759E-010
   2.5280626676336764E-010
   2.5262669258868326E-010
   2.5245284424445426E-010
   2.5228452620258901E-010
   2.5212155092498917E-010
   2.5196373849803604E-010
   2.5181091628656723E-010
   2.5166291860612107E-010
   2.5151958641232667E-010
   2.5138076700635228E-010
   2.5124631375545094E-010
   2.5111608582766321E-010
   2.5098994793983737E-010
   2.5086777011814954E-010
   2.5074942747039683E-010
   2.5063479996935329E-010
   2.5052377224654471E-010
   2.5041623339584334E-010
   2.5031207678630721E-010
   2.5021119988374269E-010
   2.5011350408049670E-010
   2.5001889453301345E-010
   2.4992728000673911E-010
   2.4983857272795437E-010
   2.4975268824217206E-010
   2.4966954527874949E-010
   2.4958906562137651E-010
   2.4951117398414110E-010
   2.4943579789288832E-010
   2.4936286757159187E-010
   2.4929231583349608E-010
   2.4922407797678893E-010
   2.4915809168458394E-010
   2.4909429692901276E-010
   2.4903263587921526E-010
   2.4897305281306612E-010
   2.4891549403245236E-010
   2.4885990778194333E-010
   2.4880624417070694E-010
   2.4875445509752489E-010
   2.4870449417877539E-010
   2.4865631667924636E-010
