   1.1621585179680931E-005
   4.3727139585852952E-006
   1.5591870907832937E-006
   7.8581669085184519E-007
   4.7611532671431092E-007
   3.2079857032453841E-007
   2.3152081382149102E-007
   1.7531311039147230E-007
   1.3755984432861605E-007
   1.1093429620631112E-007
   9.1432173350105055E-008
   7.6707963111095755E-008
   6.5311426535944459E-008
   5.6305581447161011E-008
   4.9062587873626650E-008
   4.3148630530691366E-008
   3.8255986383166607E-008
   3.4161363115618261E-008
   3.0699487882487016E-008
   2.7745873973392642E-008
   2.5205287546945246E-008
   2.3003853958937863E-008
   2.1083545909518650E-008
   1.9398264945601491E-008
   1.7911010151170656E-008
   1.6591802043126134E-008
   1.5416139662303411E-008
   1.4363839739392990E-008
   1.3418153389500604E-008
   1.2565179138245959E-008
   1.1792958382418801E-008
   1.1091641550096926E-008
   1.0452766266931117E-008
   9.8690986402310480E-009
   9.3344251751658519E-009
   8.8433845548997178E-009
   8.3913309410918530E-009
   7.9742222159884488E-009
                       NaN
                       NaN
