   1.4212542650444625E-005
   1.4234125341150658E-005
   1.4245507300157504E-005
   1.4240903934207873E-005
   1.4216181028997049E-005
   1.4165163306416583E-005
   1.4082999803976797E-005
   1.3965182501567963E-005
   1.3807477673629460E-005
   1.3605968983145832E-005
   1.3357134870472371E-005
   1.3057951282942871E-005
   1.2706022990668937E-005
   1.2299751035381072E-005
   1.1838545200548471E-005
   1.1323088897746247E-005
   1.0755657789021275E-005
   1.0140479428911079E-005
   9.4840947246400624E-006
