   1.4212830897659819E-005
   1.4238324264618723E-005
   1.4263384374080898E-005
   1.4288011432745592E-005
   1.4312203717098417E-005
   1.4335957792599944E-005
   1.4359268568077685E-005
   1.4382129297607196E-005
   1.4404531583382679E-005
   1.4426465393550409E-005
   1.4447919090637731E-005
   1.4468879462883970E-005
   1.4489331752729603E-005
   1.4509259679108284E-005
   1.4528645451828157E-005
   1.4547469777285713E-005
   1.4565711855325678E-005
   1.4583349367502578E-005
   1.4600358457493798E-005
