   1.4212831085785412E-005
   1.4238325812852985E-005
   1.4263390626339682E-005
   1.4288030566341053E-005
   1.4312251138516537E-005
   1.4336058032988323E-005
   1.4359456997184133E-005
   1.4382453781281808E-005
   1.4405054114277726E-005
   1.4427263692835983E-005
   1.4449088175502588E-005
   1.4470533179208873E-005
   1.4491604276787653E-005
   1.4512306994970627E-005
   1.4532646812643745E-005
   1.4552629159265597E-005
   1.4572259413406121E-005
   1.4591542901385780E-005
   1.4610484896003588E-005
   1.4629090615347289E-005
   1.4647365221680495E-005
   1.4665313820402930E-005
   1.4682941459081448E-005
   1.4700253126550575E-005
   1.4717253752082333E-005
   1.4733948204626127E-005
   1.4750341292119307E-005
   1.4766437760868794E-005
   1.4782242295003024E-005
   1.4797759515992817E-005
   1.4812993982238809E-005
   1.4827950188722753E-005
   1.4842632566719509E-005
   1.4857045483566532E-005
   1.4871193242487174E-005
   1.4885080082465291E-005
   1.4898710178167459E-005
   1.4912087639910203E-005
   1.4925215158230954E-005
   1.4938086614445927E-005
   1.4950702391567368E-005
   1.4963067461690131E-005
   1.4975186218919606E-005
   1.4987062401629652E-005
   1.4998699331866231E-005
   1.5010100064676296E-005
   1.5021267475216645E-005
   1.5032204310267480E-005
   1.5042913218954773E-005
   1.5053396771195270E-005
   1.5063657468899430E-005
   1.5073697752914498E-005
   1.5083520007459792E-005
   1.5093126563073094E-005
   1.5102519698656477E-005
   1.5111701642960307E-005
   1.5120674575699896E-005
   1.5129440628418828E-005
   1.5138001885165724E-005
   1.5146360383025295E-005
   1.5154518112529665E-005
   1.5162477017967168E-005
   1.5170238997601280E-005
   1.5177805903808693E-005
   1.5185179543144305E-005
   1.5192361676339536E-005
   1.5199354018239668E-005
   1.5206158237685180E-005
   1.5212775957342237E-005
   1.5219208753486815E-005
   1.5225458155747220E-005
   1.5231525646809683E-005
   1.5237412662091511E-005
   1.5243120589387168E-005
   1.5248650768492160E-005
   1.5254004490810545E-005
   1.5259182998951730E-005
   1.5264187486323146E-005
   1.5269019096725729E-005
   1.5273678923959533E-005
   1.5278168011447594E-005
   1.5282487351886488E-005
   1.5286637886932744E-005
   1.5290620506934403E-005
   1.5294436050717774E-005
   1.5298085305439058E-005
   1.5301569006510957E-005
   1.5304887837613976E-005
   1.5308042430801219E-005
   1.5311033366705320E-005
   1.5313861174854186E-005
   1.5316526334101540E-005
   1.5319029273175742E-005
   1.5321370371348788E-005
   1.5323549959224993E-005
   1.5325568319646511E-005
   1.5327425688710502E-005
   1.5329122256890848E-005
   1.5330658170254355E-005
   1.5332033531760977E-005
   1.5333248402634908E-005
   1.5334302803793354E-005
   1.5335196717318604E-005
   1.5335930087959607E-005
   1.5336502824648814E-005
   1.5336914802021424E-005
   1.5337165861924678E-005
   1.5337255814906231E-005
   1.5337184441672051E-005
   1.5336951494505500E-005
   1.5336556698640901E-005
   1.5335999753586410E-005
   1.5335280334391705E-005
   1.5334398092858157E-005
   1.5333352658689466E-005
   1.5332143640582208E-005
   1.5330770627256101E-005
   1.5329233188424806E-005
   1.5327530875708645E-005
   1.5325663223490724E-005
   1.5323629749718527E-005
   1.5321429956653445E-005
   1.5319063331570277E-005
   1.5316529347409436E-005
   1.5313827463384332E-005
   1.5310948924128159E-005
   1.5307882322096581E-005
   1.5304645139187621E-005
   1.5301266251683266E-005
   1.5297732162413203E-005
   1.5294029421058457E-005
   1.5290155962566752E-005
   1.5286110967015195E-005
   1.5281893755025556E-005
   1.5277503655754499E-005
   1.5272939991329059E-005
   1.5268202075199005E-005
   1.5263289212136674E-005
   1.5258200698417365E-005
   1.5252935822007400E-005
   1.5247493862739108E-005
   1.5241874092471947E-005
   1.5236075775240218E-005
   1.5230098167388184E-005
   1.5223940517693769E-005
   1.5217602067481042E-005
   1.5211082050723219E-005
   1.5204379694135678E-005
   1.5197494217260468E-005
   1.5190424832542778E-005
