   3.7984320745583752E-009
   1.9245595589552146E-009
   1.2996826471443655E-009
   9.8696280198719010E-010
   7.9912500321093530E-010
   6.7370622467592044E-010
   5.8397925342627335E-010
   5.1655996650369821E-010
   4.6403103264592019E-010
   4.2192405802084824E-010
   3.8740076009698951E-010
   3.5856863275018919E-010
   3.3411721786222786E-010
   3.1311248026022146E-010
   2.9486292111013044E-010
   2.7885587039728902E-010
   2.6469719059726806E-010
   2.5208022233575169E-010
   2.4076277369826593E-010
