   1.0894336821648747E-005
   4.0078223405444416E-006
   1.4218232245561064E-006
   7.1478102149943942E-007
   4.3245311820119798E-007
   2.9105934914916487E-007
   2.0988293531114231E-007
   1.5880903056259746E-007
   1.2451706071529212E-007
   1.0034325036936848E-007
   8.2643839006902862E-008
   6.9285475654768317E-008
   5.8949587330605369E-008
   5.0784522442962776E-008
   4.4219770940192881E-008
   3.8861224732074852E-008
   3.4429387749944897E-008
   3.0721491070931825E-008
   2.7587481182476369E-008
   2.4914355420042641E-008
   2.2615680464062329E-008
   2.0624419703694360E-008
   1.8887925625283347E-008
   1.7364380308349276E-008
   1.6020223864550014E-008
   1.4828269050839110E-008
   1.3766300275436961E-008
   1.2816019661597265E-008
   1.1962245172436213E-008
   1.1192377331590160E-008
   1.0495580131579711E-008
   9.8629290241217291E-009
   9.2867577656428097E-009
   8.7605139567200049E-009
   8.2785702642387301E-009
   7.8360718263554793E-009
   7.4288122631510654E-009
   7.0531323202712706E-009
   6.6115813511449524E-009
   6.1259789229951996E-009
   5.6875012608220371E-009
   5.3029144227282783E-009
   4.9670221752207381E-009
   4.6726852813853637E-009
   4.4132169568324648E-009
   4.1829585133900384E-009
   3.9773024715818141E-009
   3.7924300218360328E-009
   3.6253606711196885E-009
   3.4735855933892425E-009
   3.3350593397832462E-009
   3.2080860480582442E-009
   3.0912485496977693E-009
   2.9833536077755151E-009
   2.8833893922184602E-009
   2.7904922166526535E-009
   2.7039203091110768E-009
   2.6230329587597942E-009
   2.5472738031163120E-009
   2.4761573301890122E-009
   2.4092578972752623E-009
   2.3462007354637035E-009
   2.2866545330737319E-009
   2.2303252830909032E-009
   2.1769511503969821E-009
   2.1262981661835226E-009
   2.0781565979648953E-009
   2.0323378744104024E-009
   1.9886719683265046E-009
   1.9470051599431535E-009
   1.9071981173205756E-009
   1.8691242427577078E-009
   1.8326682427755051E-009
   1.7977248873250211E-009
   1.7641979294901654E-009
   1.7319991619347550E-009
   1.7010475902710032E-009
   1.6712687067483319E-009
   1.6425938503068249E-009
   1.6149596412182524E-009
   1.5883074803408871E-009
   1.5625831045129055E-009
   1.5377361908580333E-009
   1.5137200038229449E-009
   1.4904910796442660E-009
   1.4680089436829516E-009
   1.4462358566896872E-009
   1.4251365865955846E-009
   1.4046782028740734E-009
   1.3848298909046295E-009
   1.3655627840989715E-009
   1.3468498118324093E-009
   1.3286655614666390E-009
   1.3109861529594852E-009
   1.2937891247385231E-009
   1.2770533296720411E-009
   1.2607588401074918E-009
   1.2448868610660258E-009
   1.2294196507848997E-009
   1.2143404478902489E-009
   1.1996334045616878E-009
   1.1852835251195966E-009
   1.1712766095271984E-009
   1.1575992013530052E-009
   1.1442385397870108E-009
   1.1311825153454945E-009
   1.1184196289389307E-009
   1.1059389539958449E-009
   1.0937301014075968E-009
   1.0817831870136450E-009
   1.0700888014417235E-009
   1.0586379820947446E-009
   1.0474221871094373E-009
   1.0364332711259434E-009
   1.0256634627225403E-009
   1.0151053433829439E-009
   1.0047518278755876E-009
   9.9459614593502837E-010
   9.8463182514526378E-010
   9.7485267493357391E-010
   9.6525277159128486E-010
   9.5582644424498343E-010
   9.4656826170823309E-010
   9.3747302014963106E-010
   9.2853573151831843E-010
   9.1975161267289228E-010
   9.1111607516404340E-010
   9.0262471562525853E-010
   8.9427330672964572E-010
   8.8605778867419286E-010
   8.7797426115365988E-010
   8.7001897579443403E-010
   8.6218832901654388E-010
   8.5447885529487944E-010
   8.4688722079386517E-010
   8.3941021735163108E-010
   8.3204475679122874E-010
   8.2478786553814303E-010
   8.1763667952486609E-010
   8.1058843936460066E-010
   8.0364048577745901E-010
   7.9679025525379152E-010
   7.9003527594013361E-010
   7.8337316373448789E-010
   7.7680161857842376E-010
   7.7031842093437575E-010
   7.6392142843728268E-010
   7.5760857271044833E-010
   7.5137785633618135E-010
   7.4522734997237496E-010
