   1.4899710211584625E-005
   1.4895513081973493E-005
   1.4891683074916969E-005
   1.4887865060215936E-005
   1.4882939560377546E-005
   1.4875170379053735E-005
   1.4863510610174314E-005
   1.4845474074965957E-005
   1.4817208993407457E-005
   1.4773480712095415E-005
   1.4707475632385658E-005
   1.4610617682129656E-005
   1.4472407514821575E-005
   1.4280300407474919E-005
   1.4019677955982192E-005
   1.3673884793641211E-005
   1.3224422040789734E-005
   1.2651288660978722E-005
   1.1933550997509874E-005
   1.1050276537538202E-005
   9.9821395133503017E-006
   8.7144169725811206E-006
   7.2432367809972402E-006
   5.5904427571896234E-006
   3.8442713355856111E-006
   2.2723595456979036E-006
   1.3747158684538067E-006
   1.0730704497571005E-006
   9.0901870221105358E-007
   7.8176727200008623E-007
   6.7864225243095968E-007
   5.9366849889278353E-007
   5.2277743571818863E-007
   4.6303878620893120E-007
   4.1227046861286294E-007
   3.6880795201853029E-007
   3.3135779322490642E-007
   2.9889916030992717E-007
   2.7061919669689871E-007
   2.4585953145510440E-007
   2.2410588521961033E-007
   2.0490520045162127E-007
   1.8787537586275366E-007
   1.7271800029149421E-007
   1.5918251154009346E-007
   1.4705748556026598E-007
   1.3616368986701478E-007
   1.2634851090876260E-007
   1.1748145708261265E-007
   1.0945050932143456E-007
