   1.4832720615167808E-005
   1.4832713320602318E-005
   1.4833272408973081E-005
   1.4833786960663547E-005
   1.4834241570219717E-005
   1.4834621554238510E-005
   1.4834912718492738E-005
   1.4835099968367370E-005
   1.4835164842902931E-005
   1.4835092295953215E-005
   1.4834844292968613E-005
   1.4834359973905328E-005
   1.4833566815103322E-005
   1.4832363321597506E-005
   1.4830613367743395E-005
   1.4828138965208484E-005
   1.4824712068950315E-005
   1.4820045599189396E-005
   1.4813784716684885E-005
   1.4805500378383425E-005
   1.4794686338899387E-005
   1.4780758532583300E-005
   1.4763055181060517E-005
   1.4740837071914097E-005
   1.4713288299072061E-005
   1.4679517887526688E-005
   1.4638562597049984E-005
   1.4589391084338962E-005
   1.4530909545260060E-005
   1.4461968939583562E-005
   1.4381373901250868E-005
   1.4287893448066614E-005
   1.4180273621552423E-005
   1.4057252208758838E-005
   1.3917575721986112E-005
   1.3760018838169537E-005
   1.3583406524651380E-005
   1.3386639097948852E-005
   1.3168720470101281E-005
   1.2928789822520421E-005
   1.2666156894915009E-005
   1.2380340964003154E-005
   1.2071113383356423E-005
   1.1738543224794123E-005
   1.1383045055465390E-005
   1.1005427158294253E-005
   1.0606937521452703E-005
   1.0189303687589651E-005
   9.7547611443709300E-006
   9.3060635610248807E-006
   8.8464672149186019E-006
   8.3796819818459252E-006
   7.9097829683589879E-006
   7.4410808097231492E-006
   6.9779549069849719E-006
   6.5246615863231742E-006
   6.0851364325354430E-006
   5.6628143467244101E-006
   5.2604900929656996E-006
   4.8802357299441451E-006
   4.5233810283371021E-006
   4.1905519437046399E-006
   3.8817536872330815E-006
   3.5964808036767680E-006
   3.3338369688921425E-006
   3.0926506270480985E-006
   2.8715773148844970E-006
   2.6691840903472360E-006
   2.4840150556736440E-006
   2.3146392951634712E-006
   2.1596837701188824E-006
   2.0178541224712934E-006
   1.8879462401972460E-006
   1.7688510769461960E-006
   1.6595547624262555E-006
   1.5591355878099219E-006
   1.4667590510337959E-006
   1.3816718182667581E-006
   1.3031952002881352E-006
   1.2307185478948907E-006
   1.1636928276377340E-006
   1.1016245370392798E-006
   1.0440700471588822E-006
   9.9063041188533046E-007
   9.4094665134632710E-007
   8.9469549653072634E-007
   8.5158557007421024E-007
   8.1135397158012384E-007
   7.7376323298595454E-007
   7.3859860903974675E-007
   7.0566566901280878E-007
   6.7478815772444653E-007
   6.4580609637223870E-007
   6.1857409627182923E-007
   5.9295986123578142E-007
   5.6884285685293337E-007
   5.4611312730478069E-007
   5.2467024254153768E-007
   5.0442236062563854E-007
   4.8528539183525896E-007
   4.6718225271341498E-007
   4.5004219966226569E-007
   4.3380023293208059E-007
   4.1839656295614795E-007
   4.0377613195152878E-007
   3.8988818455619294E-007
   3.7668588201903739E-007
   3.6412595511316541E-007
   3.5216839151567815E-007
   3.4077615389928094E-007
   3.2991492542081803E-007
   3.1955287967750315E-007
   3.0966047253985978E-007
   3.0021025356714407E-007
   2.9117669497174951E-007
   2.8253603632819515E-007
   2.7426614342388310E-007
   2.6634637982626232E-007
   2.5875748989748564E-007
   2.5148149212564171E-007
   2.4450158176349656E-007
   2.3780204187347657E-007
   2.3136818346895451E-007
   2.2518621864123243E-007
   2.1924321578833109E-007
   2.1352706186352948E-007
   2.0802638747206217E-007
   2.0273051401426380E-007
   1.9762940516533359E-007
   1.9271362218985054E-007
   1.8797428277491821E-007
   1.8340302307306927E-007
   1.7899196267583365E-007
   1.7473367226553928E-007
   1.7062114371683278E-007
   1.6664776244083876E-007
   1.6280728178411835E-007
   1.5909379931194669E-007
   1.5550173482096273E-007
   1.5202580994030828E-007
   1.4866102919299570E-007
   1.4540266240068784E-007
   1.4224622832536893E-007
   1.3918747945068951E-007
   1.3622238781424297E-007
   1.3334713180960953E-007
   1.3055808388398612E-007
   1.2785179906344328E-007
   1.2522500424357748E-007
   1.2267458818851332E-007
