   1.3459387516883202E-005
   1.3483491411381732E-005
   1.3507189907148659E-005
   1.3530487725456340E-005
   1.3553390027160544E-005
   1.3575902149117344E-005
   1.3598029484096031E-005
   1.3619777428990983E-005
   1.3641151362014009E-005
   1.3662156632022061E-005
   1.3682798552953311E-005
   1.3703082400448900E-005
   1.3723013409443714E-005
   1.3742596772218175E-005
   1.3761837636697215E-005
   1.3780741104905006E-005
   1.3799312231534640E-005
   1.3817556022613304E-005
   1.3835477434252237E-005
